% F. Nedelec, 23-Mar-2014
% Profile of cortical membrane extracted from Cortes et al. 2007, Fig 4C2
% Mol. Microbiol. 65, 201–217 (2007).
% units are micro-meters. 
% max diameter of cell membrane is ~3.08 um.
% min diameter at tip of invagination is ~1.27 um

  1.54270  -0.74848
  1.54270  -0.73177
  1.54103  -0.71839
  1.53936  -0.69666
  1.53896  -0.68026
  1.53804  -0.66255
  1.53688  -0.64407
  1.53555  -0.62449
  1.53409  -0.60419
  1.53251  -0.58365
  1.53078  -0.56313
  1.52899  -0.54248
  1.52724  -0.52147
  1.52555  -0.50008
  1.52383  -0.47868
  1.52199  -0.45785
  1.52004  -0.43789
  1.51796  -0.41841
  1.51560  -0.39862
  1.51281  -0.37811
  1.50969  -0.35734
  1.50647  -0.33713
  1.50329  -0.31771
  1.50018  -0.29863
  1.49719  -0.27935
  1.49425  -0.25972
  1.49119  -0.23994
  1.48784  -0.22028
  1.48427  -0.20113
  1.48058  -0.18290
  1.47667  -0.16576
  1.47218  -0.14952
  1.46686  -0.13406
  1.46072  -0.11945
  1.45378  -0.10574
  1.44580  -0.09292
  1.43648  -0.08123
  1.42569  -0.07122
  1.41358  -0.06340
  1.40051  -0.05792
  1.38687  -0.05453
  1.37300  -0.05269
  1.35901  -0.05177
  1.34490  -0.05127
  1.33060  -0.05093
  1.31603  -0.05073
  1.30106  -0.05078
  1.28561  -0.05109
  1.26963  -0.05148
  1.25323  -0.05172
  1.23674  -0.05173
  1.22053  -0.05162
  1.20479  -0.05150
  1.18931  -0.05143
  1.17368  -0.05138
  1.15747  -0.05136
  1.14045  -0.05151
  1.12254  -0.05200
  1.10368  -0.05287
  1.08382  -0.05391
  1.06317  -0.05480
  1.04223  -0.05535
  1.02135  -0.05551
  1.00041  -0.05551
  0.97900  -0.05566
  0.95694  -0.05615
  0.93424  -0.05689
  0.91085  -0.05762
  0.88660  -0.05823
  0.86161  -0.05881
  0.83631  -0.05947
  0.81131  -0.06019
  0.78703  -0.06085
  0.76361  -0.06118
  0.74135  -0.06082
  0.72087  -0.05948
  0.70276  -0.05704
  0.68728  -0.05357
  0.67431  -0.04907
  0.66351  -0.04329
  0.65451  -0.03587
  0.64715  -0.02666
  0.64163  -0.01592
  0.63841  -0.00415
  0.63790   0.00806
  0.64032   0.02021
  0.64562   0.03195
  0.65332   0.04293
  0.66270   0.05278
  0.67306   0.06112
  0.68401   0.06793
  0.69545   0.07340
  0.70738   0.07769
  0.71958   0.08091
  0.73175   0.08331
  0.74383   0.08538
  0.75614   0.08758
  0.76913   0.09006
  0.78297   0.09262
  0.79762   0.09493
  0.81317   0.09679
  0.82985   0.09816
  0.84776   0.09911
  0.86662   0.09971
  0.88571   0.10015
  0.90422   0.10077
  0.92161   0.10185
  0.93770   0.10325
  0.95256   0.10450
  0.96635   0.10525
  0.97911   0.10549
  0.99087   0.10538
  1.00194   0.10507
  1.01291   0.10472
  1.02436   0.10453
  1.03663   0.10467
  1.04995   0.10514
  1.06438   0.10579
  1.07970   0.10645
  1.09552   0.10701
  1.11155   0.10740
  1.12783   0.10759
  1.14447   0.10768
  1.16133   0.10792
  1.17808   0.10846
  1.19465   0.10920
  1.21127   0.10989
  1.22815   0.11037
  1.24538   0.11064
  1.26298   0.11086
  1.28103   0.11126
  1.29945   0.11208
  1.31783   0.11335
  1.33554   0.11489
  1.35197   0.11656
  1.36677   0.11865
  1.37986   0.12201
  1.39147   0.12749
  1.40192   0.13540
  1.41134   0.14532
  1.41957   0.15661
  1.42650   0.16873
  1.43224   0.18145
  1.43714   0.19491
  1.44159   0.20935
  1.44605   0.22487
  1.45085   0.24138
  1.45606   0.25884
  1.46151   0.27727
  1.46703   0.29666
  1.47265   0.31668
  1.47836   0.33664
  1.48386   0.35592
  1.48879   0.37460
  1.49298   0.39326
  1.49641   0.41228
  1.49903   0.43157
  1.50084   0.45086
  1.50197   0.46998
  1.50266   0.48886
  1.50317   0.50757
  1.50364   0.52620
  1.50407   0.54459
  1.50453   0.56248
  1.50511   0.57984
  1.50592   0.59717
  1.50593   0.61387
  1.51094   0.63560
  1.51094   0.64730
  1.51094   0.66569
  1.51429   0.68240
