% F. Nedelec 04-Dec-2014
  -0.05000     0.20000 1
  -0.05000     0.02104 1
   0.00000     0.02104
   0.00110     0.02097
   0.00222     0.02078
   0.00349     0.02039
   0.00453     0.01993
   0.00557     0.01931
   0.00656     0.01852
   0.00747     0.01757
   0.00818     0.01658
   0.00877     0.01555
   0.00925     0.01451
   0.00963     0.01351
   0.00996     0.01252
   0.01023     0.01162
   0.01046     0.01079
   0.01065     0.01002
   0.01081     0.00927
   0.01096     0.00853
   0.01108     0.00774
   0.01117     0.00702
   0.01124     0.00622
   0.01130     0.00534
   0.01134     0.00439
   0.01136     0.00337
   0.01135     0.00230
   0.01132     0.00119
   0.01126     0.00021
   0.01119    -0.00077
   0.01112    -0.00179
   0.01105    -0.00279
   0.01097    -0.00376
   0.01090    -0.00470
   0.01083    -0.00559
   0.01076    -0.00644
   0.01068    -0.00744
   0.01060    -0.00837
   0.01052    -0.00934
   0.01043    -0.01033
   0.01033    -0.01139
   0.01024    -0.01228
   0.01015    -0.01321
   0.01007    -0.01418
   0.00998    -0.01517
   0.00992    -0.01617
   0.00987    -0.01718
   0.00984    -0.01817
   0.00983    -0.01913
   0.00983    -0.02010
   0.00985    -0.02102
   0.00988    -0.02188
   0.00991    -0.02283
   0.00993    -0.02373
   0.00996    -0.02465
   0.00999    -0.02564
   0.01002    -0.02660
   0.01008    -0.02757
   0.01016    -0.02860
   0.01027    -0.02965
   0.01042    -0.03070
   0.01059    -0.03171
   0.01078    -0.03266
   0.01098    -0.03353
   0.01118    -0.03434
   0.01141    -0.03518
   0.01165    -0.03601
   0.01192    -0.03686
   0.01223    -0.03777
   0.01251    -0.03856
   0.01283    -0.03938
   0.01319    -0.04022
   0.01360    -0.04107
   0.01409    -0.04199
   0.01466    -0.04292
   0.01530    -0.04383
   0.01603    -0.04472
   0.01683    -0.04556
   0.01766    -0.04630
   0.01855    -0.04699
   0.01948    -0.04761
   0.02045    -0.04816
   0.02142    -0.04864
   0.02240    -0.04904
   0.02335    -0.04938
   0.02428    -0.04966
   0.02518    -0.04988
   0.02616    -0.04991
   0.20000    -0.05000 1
   0.20000     0.20000 1
