         1         1   -4.7678   -1.7678   -0.0224    0.0952         1    0.0000         0
         1         2   -1.2322    1.7678   -0.0301    0.1056         1    5.0000         0
         1         3    4.7678   -1.7678    0.1656    0.0722         2    0.0000         0
         1         4    1.2322    1.7678    0.2082    0.1404         2    5.0000         0
         1         1   -4.7678   -1.7678    0.0735    0.2067         1    0.0000         0
         1         2   -1.2322    1.7678    0.0495    0.2724         1    5.0000         0
         1         3    4.7678   -1.7678    0.2325   -0.2712         2    0.0000         0
         1         4    1.2322    1.7678    0.1817   -0.3210         2    5.0000         0
         1         1   -4.7678   -1.7678    0.1763    0.1676         1    0.0000         0
         1         2   -1.2322    1.7678    0.1954    0.1521         1    5.0000         0
         1         3    4.7678   -1.7678    0.0180    0.0072         2    0.0000         0
         1         4    1.2322    1.7678    0.0032   -0.0072         2    5.0000         0
         1         1   -4.7678   -1.7678   -0.0548   -0.1471         1    0.0000         0
         1         2   -1.2322    1.7678   -0.0036   -0.1733         1    5.0000         0
         1         3    4.7678   -1.7678    0.2693   -0.0009         2    0.0000         0
         1         4    1.2322    1.7678    0.0476   -0.2216         2    5.0000         0
         1         1   -4.7678   -1.7678   -0.1157   -0.0359         1    0.0000         0
         1         2   -1.2322    1.7678   -0.0728   -0.0782         1    5.0000         0
         1         3    4.7678   -1.7678    0.0355   -0.1015         2    0.0000         0
         1         4    1.2322    1.7678    0.4692    0.3358         2    5.0000         0
         1         1   -4.7678   -1.7678    0.4355    0.2803         1    0.0000         0
         1         2   -1.2322    1.7678    0.3225    0.3945         1    5.0000         0
         1         3    4.7678   -1.7678   -0.0293    0.1640         2    0.0000         0
         1         4    1.2322    1.7678    0.1541    0.3486         2    5.0000         0
         1         1   -4.7678   -1.7678   -0.0541   -0.0492         1    0.0000         0
         1         2   -1.2322    1.7678   -0.0837    0.0001         1    5.0000         0
         1         3    4.7678   -1.7678   -0.3087    0.0300         2    0.0000         0
         1         4    1.2322    1.7678   -0.1882    0.1631         2    5.0000         0
         1         1   -4.7678   -1.7678    0.3362    0.0868         1    0.0000         0
         1         2   -1.2322    1.7678    0.3461    0.0955         1    5.0000         0
         1         3    4.7678   -1.7678   -0.0795    0.3457         2    0.0000         0
         1         4    1.2322    1.7678   -0.1755    0.2600         2    5.0000         0
         1         1   -4.7678   -1.7678   -0.2386   -0.1579         1    0.0000         0
         1         2   -1.2322    1.7678   -0.2579   -0.1276         1    5.0000         0
         1         3    4.7678   -1.7678    0.0131   -0.0998         2    0.0000         0
         1         4    1.2322    1.7678    0.4642    0.3517         2    5.0000         0
         1         1   -4.7678   -1.7678   -0.1335    0.0433         1    0.0000         0
         1         2   -1.2322    1.7678   -0.0599   -0.0288         1    5.0000         0
         1         3    4.7678   -1.7678   -0.0590    0.0944         2    0.0000         0
         1         4    1.2322    1.7678    0.0144    0.1682         2    5.0000         0
         1         1   -4.7678   -1.7678   -0.0214   -0.3311         1    0.0000         0
         1         2   -1.2322    1.7678   -0.1092   -0.2367         1    5.0000         0
         1         3    4.7678   -1.7678   -0.0843   -0.2609         2    0.0000         0
         1         4    1.2322    1.7678   -0.1878   -0.3418         2    5.0000         0
         1         1   -4.7678   -1.7678   -0.0960    0.0291         1    0.0000         0
         1         2   -1.2322    1.7678   -0.0307   -0.0338         1    5.0000         0
         1         3    4.7678   -1.7678    0.1229    0.1366         2    0.0000         0
         1         4    1.2322    1.7678   -0.0993   -0.0849         2    5.0000         0
         1         1   -4.7678   -1.7678    0.3667    0.2330         1    0.0000         0
         1         2   -1.2322    1.7678    0.0878    0.5374         1    5.0000         0
         1         3    4.7678   -1.7678   -0.0511   -0.3646         2    0.0000         0
         1         4    1.2322    1.7678    0.3612    0.0577         2    5.0000         0
         1         1   -4.7678   -1.7678    1.5184    1.3761         1    0.0000         0
         1         2   -1.2322    1.7678    4.8335   -1.9272         1    5.0000         0
         1         3    4.7678   -1.7678   -1.4435    1.2260         2    0.0000         0
         1         4    1.2322    1.7678   -4.6759   -1.9889         2    5.0000         0
         1         1   -4.7678   -1.7678    0.1236   -0.3353         1    0.0000         0
         1         2   -1.2322    1.7678    0.2900   -0.4823         1    5.0000         0
         1         3    4.7678   -1.7678   -0.2665    0.5242         2    0.0000         0
         1         4    1.2322    1.7678   -0.3050    0.4876         2    5.0000         0
         1         1   -4.7678   -1.7678    0.1811    0.2927         1    0.0000         0
         1         2   -1.2322    1.7678    0.4416    0.0349         1    5.0000         0
         1         3    4.7678   -1.7678    0.1826    0.0487         2    0.0000         0
         1         4    1.2322    1.7678   -0.1015   -0.2339         2    5.0000         0
         1         1   -4.7678   -1.7678   -0.1115   -0.3314         1    0.0000         0
         1         2   -1.2322    1.7678   -0.3364   -0.0999         1    5.0000         0
         1         3    4.7678   -1.7678   -0.1491   -0.0129         2    0.0000         0
         1         4    1.2322    1.7678   -0.2457   -0.1078         2    5.0000         0
         1         1   -4.7678   -1.7678   -0.1071    0.0120         1    0.0000         0
         1         2   -1.2322    1.7678   -0.1279    0.0333         1    5.0000         0
         1         3    4.7678   -1.7678   -0.2169    0.2570         2    0.0000         0
         1         4    1.2322    1.7678   -0.4416    0.0836         2    5.0000         0
         1         1   -4.7678   -1.7678    0.1131    0.2463         1    0.0000         0
         1         2   -1.2322    1.7678    0.2326    0.1368         1    5.0000         0
         1         3    4.7678   -1.7678    0.0455    0.2420         2    0.0000         0
         1         4    1.2322    1.7678   -0.0365    0.1811         2    5.0000         0
         1         1   -4.7678   -1.7678    0.2166    0.2890         1    0.0000         0
         1         2   -1.2322    1.7678    0.1916    0.3470         1    5.0000         0
         1         3    4.7678   -1.7678   -0.2653   -0.1662         2    0.0000         0
         1         4    1.2322    1.7678   -0.2742   -0.1167         2    5.0000         0
         1         1   -4.7678   -1.7678   -0.0183    0.1328         1    0.0000         0
         1         2   -1.2322    1.7678   -0.2551    0.3709         1    5.0000         0
         1         3    4.7678   -1.7678   -0.5258    0.1889         2    0.0000         0
         1         4    1.2322    1.7678   -0.2651    0.4545         2    5.0000         0
         1         1   -4.7678   -1.7678   -0.0302    0.1470         1    0.0000         0
         1         2   -1.2322    1.7678   -0.0298    0.1494         1    5.0000         0
         1         3    4.7678   -1.7678    0.0958   -0.0638         2    0.0000         0
         1         4    1.2322    1.7678    0.2292    0.0758         2    5.0000         0
         1         1   -4.7678   -1.7678   -0.2765    0.1197         1    0.0000         0
         1         2   -1.2322    1.7678    0.0213   -0.1774         1    5.0000         0
         1         3    4.7678   -1.7678    0.0598   -0.0583         2    0.0000         0
         1         4    1.2322    1.7678    0.2305    0.1147         2    5.0000         0
         1         1   -4.7678   -1.7678    0.2371   -0.0368         1    0.0000         0
         1         2   -1.2322    1.7678    0.2715   -0.0420         1    5.0000         0
         1         3    4.7678   -1.7678    0.0257    0.1631         2    0.0000         0
         1         4    1.2322    1.7678   -0.1584   -0.0191         2    5.0000         0
         1         1   -4.7678   -1.7678    0.1904   -0.4221         1    0.0000         0
         1         2   -1.2322    1.7678   -0.3329    0.1116         1    5.0000         0
         1         3    4.7678   -1.7678    0.0732    0.0312         2    0.0000         0
         1         4    1.2322    1.7678   -0.3157   -0.3568         2    5.0000         0
         1         1   -4.7678   -1.7678    0.1386    0.2437         1    0.0000         0
         1         2   -1.2322    1.7678   -0.0674    0.4510         1    5.0000         0
         1         3    4.7678   -1.7678    0.3230    0.3988         2    0.0000         0
         1         4    1.2322    1.7678    0.1314    0.2342         2    5.0000         0
         1         1   -4.7678   -1.7678    1.8293    1.8608         1    0.0000         0
         1         2   -1.2322    1.7678    4.8506   -1.1517         1    5.0000         0
         1         3    4.7678   -1.7678   -1.6060    1.0190         2    0.0000         0
         1         4    1.2322    1.7678   -4.8182   -2.1750         2    5.0000         0
         1         1   -4.7678   -1.7678    0.1161   -0.0354         1    0.0000         0
         1         2   -1.2322    1.7678    0.2791   -0.1848         1    5.0000         0
         1         3    4.7678   -1.7678   -0.1513    0.2492         2    0.0000         0
         1         4    1.2322    1.7678   -0.3803    0.0331         2    5.0000         0
         1         1   -4.7678   -1.7678    0.0912   -0.0929         1    0.0000         0
         1         2   -1.2322    1.7678    0.0639   -0.0244         1    5.0000         0
         1         3    4.7678   -1.7678    0.3611    0.1211         2    0.0000         0
         1         4    1.2322    1.7678    0.0197   -0.2182         2    5.0000         0
         1         1   -4.7678   -1.7678    0.1087   -0.1054         1    0.0000         0
         1         2   -1.2322    1.7678    0.0586   -0.0393         1    5.0000         0
         1         3    4.7678   -1.7678    0.0790   -0.0900         2    0.0000         0
         1         4    1.2322    1.7678    0.0501   -0.0868         2    5.0000         0
         1         1   -4.7678   -1.7678   -0.2847    0.1871         1    0.0000         0
         1         2   -1.2322    1.7678   -0.4083    0.3312         1    5.0000         0
         1         3    4.7678   -1.7678    0.1340    0.0378         2    0.0000         0
         1         4    1.2322    1.7678    0.4270    0.3389         2    5.0000         0
         1         1   -4.7678   -1.7678   -0.1898    0.0349         1    0.0000         0
         1         2   -1.2322    1.7678   -0.4149    0.2606         1    5.0000         0
         1         3    4.7678   -1.7678    0.2245    0.0149         2    0.0000         0
         1         4    1.2322    1.7678    0.3600    0.1765         2    5.0000         0
         1         1   -4.7678   -1.7678    0.0483   -0.2103         1    0.0000         0
         1         2   -1.2322    1.7678    0.1901   -0.3428         1    5.0000         0
         1         3    4.7678   -1.7678   -0.1792   -0.0338         2    0.0000         0
         1         4    1.2322    1.7678   -0.0591    0.0948         2    5.0000         0
         1         1   -4.7678   -1.7678    0.5101    0.0606         1    0.0000         0
         1         2   -1.2322    1.7678   -0.0292    0.6110         1    5.0000         0
         1         3    4.7678   -1.7678    0.0744    0.4505         2    0.0000         0
         1         4    1.2322    1.7678   -0.1903    0.2204         2    5.0000         0
         1         1   -4.7678   -1.7678   -0.2638   -0.0858         1    0.0000         0
         1         2   -1.2322    1.7678   -0.2468   -0.0363         1    5.0000         0
         1         3    4.7678   -1.7678   -0.0918    0.0894         2    0.0000         0
         1         4    1.2322    1.7678   -0.0760    0.1192         2    5.0000         0
         1         1   -4.7678   -1.7678   -0.2708    0.0801         1    0.0000         0
         1         2   -1.2322    1.7678   -0.0027   -0.1853         1    5.0000         0
         1         3    4.7678   -1.7678    0.2849   -0.2337         2    0.0000         0
         1         4    1.2322    1.7678    0.3793   -0.1391         2    5.0000         0
         1         1   -4.7678   -1.7678   -0.1235    0.2541         1    0.0000         0
         1         2   -1.2322    1.7678    0.1907   -0.0307         1    5.0000         0
         1         3    4.7678   -1.7678   -0.0040    0.2205         2    0.0000         0
         1         4    1.2322    1.7678    0.2044    0.4335         2    5.0000         0
         1         1   -4.7678   -1.7678    0.1925    0.0427         1    0.0000         0
         1         2   -1.2322    1.7678    0.2883   -0.0497         1    5.0000         0
         1         3    4.7678   -1.7678   -0.4402   -0.1299         2    0.0000         0
         1         4    1.2322    1.7678   -0.4882   -0.1562         2    5.0000         0
         1         1   -4.7678   -1.7678   -0.2474    0.0686         1    0.0000         0
         1         2   -1.2322    1.7678    0.0371   -0.1969         1    5.0000         0
         1         3    4.7678   -1.7678    0.2770   -0.2902         2    0.0000         0
         1         4    1.2322    1.7678    0.3710   -0.1950         2    5.0000         0
         1         1   -4.7678   -1.7678    0.0480   -0.3484         1    0.0000         0
         1         2   -1.2322    1.7678   -0.0438   -0.2494         1    5.0000         0
         1         3    4.7678   -1.7678    0.0112   -0.0074         2    0.0000         0
         1         4    1.2322    1.7678   -0.2513   -0.2636         2    5.0000         0
         1         1   -4.7678   -1.7678   -0.1549    0.3460         1    0.0000         0
         1         2   -1.2322    1.7678    0.3760   -0.1820         1    5.0000         0
         1         3    4.7678   -1.7678    0.5381   -0.0172         2    0.0000         0
         1         4    1.2322    1.7678    0.1780   -0.3729         2    5.0000         0
         1         1   -4.7678   -1.7678    0.1311    0.1760         1    0.0000         0
         1         2   -1.2322    1.7678    0.0241    0.2880         1    5.0000         0
         1         3    4.7678   -1.7678    0.5912   -0.0575         2    0.0000         0
         1         4    1.2322    1.7678    0.0377   -0.6103         2    5.0000         0
         1         1   -4.7678   -1.7678    0.1048   -0.0901         1    0.0000         0
         1         2   -1.2322    1.7678   -0.1541    0.1713         1    5.0000         0
         1         3    4.7678   -1.7678    0.2761    0.0943         2    0.0000         0
         1         4    1.2322    1.7678    0.0984   -0.0317         2    5.0000         0
         1         1   -4.7678   -1.7678   -0.0697    0.1729         1    0.0000         0
         1         2   -1.2322    1.7678    0.1667   -0.0609         1    5.0000         0
         1         3    4.7678   -1.7678    0.1225    0.1359         2    0.0000         0
         1         4    1.2322    1.7678   -0.0553   -0.0405         2    5.0000         0
         1         1   -4.7678   -1.7678   -0.5421    0.1151         1    0.0000         0
         1         2   -1.2322    1.7678   -0.2900   -0.1090         1    5.0000         0
         1         3    4.7678   -1.7678    0.2107   -0.0460         2    0.0000         0
         1         4    1.2322    1.7678    0.0638   -0.1925         2    5.0000         0
         1         1   -4.7678   -1.7678    0.1753    0.4098         1    0.0000         0
         1         2   -1.2322    1.7678    0.1099    0.4757         1    5.0000         0
         1         3    4.7678   -1.7678    0.2060   -0.2401         2    0.0000         0
         1         4    1.2322    1.7678   -0.0277   -0.4659         2    5.0000         0
         1         1   -4.7678   -1.7678   -0.0165   -0.2829         1    0.0000         0
         1         2   -1.2322    1.7678    0.0689   -0.3555         1    5.0000         0
         1         3    4.7678   -1.7678   -0.1917   -0.0935         2    0.0000         0
         1         4    1.2322    1.7678    0.1019    0.2029         2    5.0000         0
         1         1   -4.7678   -1.7678   -0.2944   -0.4104         1    0.0000         0
         1         2   -1.2322    1.7678   -0.1138   -0.5865         1    5.0000         0
         1         3    4.7678   -1.7678    0.3119    0.1882         2    0.0000         0
         1         4    1.2322    1.7678    0.0375   -0.0752         2    5.0000         0
         1         1   -4.7678   -1.7678   -0.1806   -0.0124         1    0.0000         0
         1         2   -1.2322    1.7678    0.0737   -0.2645         1    5.0000         0
         1         3    4.7678   -1.7678    0.0799    0.1078         2    0.0000         0
         1         4    1.2322    1.7678   -0.2649   -0.2311         2    5.0000         0
         1         1   -4.7678   -1.7678   -0.0258   -0.1397         1    0.0000         0
         1         2   -1.2322    1.7678   -0.1568   -0.0027         1    5.0000         0
         1         3    4.7678   -1.7678   -0.0822   -0.0241         2    0.0000         0
         1         4    1.2322    1.7678    0.2010    0.2634         2    5.0000         0
         1         1   -4.7678   -1.7678    0.0947   -0.1041         1    0.0000         0
         1         2   -1.2322    1.7678    0.0241   -0.0298         1    5.0000         0
         1         3    4.7678   -1.7678    0.2544   -0.3920         2    0.0000         0
         1         4    1.2322    1.7678    0.2556   -0.3882         2    5.0000         0
         1         1   -4.7678   -1.7678    0.1129   -0.2317         1    0.0000         0
         1         2   -1.2322    1.7678   -0.1600    0.0536         1    5.0000         0
         1         3    4.7678   -1.7678    0.3593    0.0689         2    0.0000         0
         1         4    1.2322    1.7678    0.2555   -0.0344         2    5.0000         0
         1         1   -4.7678   -1.7678    0.0330    0.1969         1    0.0000         0
         1         2   -1.2322    1.7678    0.0288    0.2017         1    5.0000         0
         1         3    4.7678   -1.7678    0.0090   -0.2521         2    0.0000         0
         1         4    1.2322    1.7678    0.6880    0.4285         2    5.0000         0
         1         1   -4.7678   -1.7678    0.1369    0.4963         1    0.0000         0
         1         2   -1.2322    1.7678    0.2316    0.4274         1    5.0000         0
         1         3    4.7678   -1.7678    0.2326    0.1145         2    0.0000         0
         1         4    1.2322    1.7678    0.2098    0.1467         2    5.0000         0
         1         1   -4.7678   -1.7678   -0.1112   -0.1821         1    0.0000         0
         1         2   -1.2322    1.7678    0.0475   -0.3355         1    5.0000         0
         1         3    4.7678   -1.7678    0.1677   -0.1939         2    0.0000         0
         1         4    1.2322    1.7678    0.0471   -0.2821         2    5.0000         0
         1         1   -4.7678   -1.7678   -0.1068    0.1396         1    0.0000         0
         1         2   -1.2322    1.7678    0.0163    0.0427         1    5.0000         0
         1         3    4.7678   -1.7678   -0.0157    0.0213         2    0.0000         0
         1         4    1.2322    1.7678   -0.0963   -0.0518         2    5.0000         0
         1         1   -4.7678   -1.7678   -0.1002   -0.1287         1    0.0000         0
         1         2   -1.2322    1.7678    0.2113   -0.4323         1    5.0000         0
         1         3    4.7678   -1.7678   -0.2627    0.0859         2    0.0000         0
         1         4    1.2322    1.7678   -0.2787    0.0715         2    5.0000         0
         1         1   -4.7678   -1.7678    0.1432    0.1869         1    0.0000         0
         1         2   -1.2322    1.7678    0.0351    0.3120         1    5.0000         0
         1         3    4.7678   -1.7678   -0.4148    0.1546         2    0.0000         0
         1         4    1.2322    1.7678   -0.5457    0.0314         2    5.0000         0
         1         1   -4.7678   -1.7678   -0.4462   -0.1184         1    0.0000         0
         1         2   -1.2322    1.7678   -0.6704    0.1894         1    5.0000         0
         1         3    4.7678   -1.7678    0.0432   -0.0114         2    0.0000         0
         1         4    1.2322    1.7678    0.0289   -0.0254         2    5.0000         0
         1         1   -4.7678   -1.7678   -0.1130   -0.0762         1    0.0000         0
         1         2   -1.2322    1.7678   -0.2771    0.0883         1    5.0000         0
         1         3    4.7678   -1.7678   -0.2637    0.1327         2    0.0000         0
         1         4    1.2322    1.7678    0.0676    0.4756         2    5.0000         0
         1         1   -4.7678   -1.7678    0.4039   -0.0316         1    0.0000         0
         1         2   -1.2322    1.7678    0.4274   -0.0499         1    5.0000         0
         1         3    4.7678   -1.7678   -0.1499    0.1896         2    0.0000         0
         1         4    1.2322    1.7678   -0.0171    0.3370         2    5.0000         0
         1         1   -4.7678   -1.7678    0.0615   -0.2998         1    0.0000         0
         1         2   -1.2322    1.7678   -0.6491    0.4249         1    5.0000         0
         1         3    4.7678   -1.7678    0.1874   -0.0950         2    0.0000         0
         1         4    1.2322    1.7678   -0.0259   -0.2986         2    5.0000         0
         1         1   -4.7678   -1.7678   -0.1383   -0.0476         1    0.0000         0
         1         2   -1.2322    1.7678   -0.3103    0.1720         1    5.0000         0
         1         3    4.7678   -1.7678    0.3120   -0.1733         2    0.0000         0
         1         4    1.2322    1.7678    0.7463    0.3175         2    5.0000         0
         1         1   -4.7678   -1.7678   -0.0084   -0.0249         1    0.0000         0
         1         2   -1.2322    1.7678   -0.1656    0.1355         1    5.0000         0
         1         3    4.7678   -1.7678    0.4650   -0.1712         2    0.0000         0
         1         4    1.2322    1.7678    0.1979   -0.4269         2    5.0000         0
         1         1   -4.7678   -1.7678   -0.2306    0.1798         1    0.0000         0
         1         2   -1.2322    1.7678   -0.2052    0.1828         1    5.0000         0
         1         3    4.7678   -1.7678   -0.0825    0.0657         2    0.0000         0
         1         4    1.2322    1.7678    0.2910    0.4429         2    5.0000         0
         1         1   -4.7678   -1.7678    0.0190    0.1721         1    0.0000         0
         1         2   -1.2322    1.7678    0.1972   -0.0048         1    5.0000         0
         1         3    4.7678   -1.7678   -0.2371    0.0169         2    0.0000         0
         1         4    1.2322    1.7678    0.0647    0.3241         2    5.0000         0
         1         1   -4.7678   -1.7678   -0.0461    0.0773         1    0.0000         0
         1         2   -1.2322    1.7678    0.1427   -0.1034         1    5.0000         0
         1         3    4.7678   -1.7678    0.2209    0.0069         2    0.0000         0
         1         4    1.2322    1.7678   -0.0361   -0.2444         2    5.0000         0
         1         1   -4.7678   -1.7678    0.1084    0.0635         1    0.0000         0
         1         2   -1.2322    1.7678   -0.0137    0.1882         1    5.0000         0
         1         3    4.7678   -1.7678   -0.4152   -0.0187         2    0.0000         0
         1         4    1.2322    1.7678    0.0424    0.4398         2    5.0000         0
         1         1   -4.7678   -1.7678   -0.2260    0.0687         1    0.0000         0
         1         2   -1.2322    1.7678   -0.0982   -0.0585         1    5.0000         0
         1         3    4.7678   -1.7678    0.4631    0.2685         2    0.0000         0
         1         4    1.2322    1.7678    0.1907    0.0758         2    5.0000         0
         1         1   -4.7678   -1.7678   -0.4916   -0.3395         1    0.0000         0
         1         2   -1.2322    1.7678   -0.4246   -0.3834         1    5.0000         0
         1         3    4.7678   -1.7678   -0.2587   -0.1983         2    0.0000         0
         1         4    1.2322    1.7678    0.1347    0.1955         2    5.0000         0
         1         1   -4.7678   -1.7678    0.2493    0.0552         1    0.0000         0
         1         2   -1.2322    1.7678    0.3418   -0.0365         1    5.0000         0
         1         3    4.7678   -1.7678   -0.2142    0.0805         2    0.0000         0
         1         4    1.2322    1.7678   -0.2509    0.0438         2    5.0000         0
         1         1   -4.7678   -1.7678   -0.0080   -0.0087         1    0.0000         0
         1         2   -1.2322    1.7678    0.1961   -0.2091         1    5.0000         0
         1         3    4.7678   -1.7678   -0.0952    0.4238         2    0.0000         0
         1         4    1.2322    1.7678   -0.2821    0.2473         2    5.0000         0
         1         1   -4.7678   -1.7678   -0.0262   -0.1064         1    0.0000         0
         1         2   -1.2322    1.7678    0.0423   -0.1392         1    5.0000         0
         1         3    4.7678   -1.7678   -0.2104   -0.1723         2    0.0000         0
         1         4    1.2322    1.7678   -0.0641   -0.0219         2    5.0000         0
         1         1   -4.7678   -1.7678   -0.1725   -0.1132         1    0.0000         0
         1         2   -1.2322    1.7678   -0.1124   -0.1584         1    5.0000         0
         1         3    4.7678   -1.7678   -0.2976   -0.1114         2    0.0000         0
         1         4    1.2322    1.7678    0.0177    0.2110         2    5.0000         0
         1         1   -4.7678   -1.7678   -0.1334   -0.2987         1    0.0000         0
         1         2   -1.2322    1.7678   -0.3166   -0.0808         1    5.0000         0
         1         3    4.7678   -1.7678    0.0273   -0.0519         2    0.0000         0
         1         4    1.2322    1.7678    0.0576   -0.0118         2    5.0000         0
         1         1   -4.7678   -1.7678   -0.1114    0.1190         1    0.0000         0
         1         2   -1.2322    1.7678    0.0119   -0.0000         1    5.0000         0
         1         3    4.7678   -1.7678    0.1029   -0.2271         2    0.0000         0
         1         4    1.2322    1.7678   -0.0694   -0.3980         2    5.0000         0
         1         1   -4.7678   -1.7678   -0.0649   -0.1775         1    0.0000         0
         1         2   -1.2322    1.7678   -0.2798    0.0451         1    5.0000         0
         1         3    4.7678   -1.7678    0.3247   -0.0901         2    0.0000         0
         1         4    1.2322    1.7678    0.1438   -0.2703         2    5.0000         0
         1         1   -4.7678   -1.7678    0.1624   -0.0183         1    0.0000         0
         1         2   -1.2322    1.7678    0.1139    0.0553         1    5.0000         0
         1         3    4.7678   -1.7678    0.2088   -0.2941         2    0.0000         0
         1         4    1.2322    1.7678    0.5362    0.0334         2    5.0000         0
         1         1   -4.7678   -1.7678   -0.1197    0.0350         1    0.0000         0
         1         2   -1.2322    1.7678   -0.1544    0.0745         1    5.0000         0
         1         3    4.7678   -1.7678   -0.2428    0.0492         2    0.0000         0
         1         4    1.2322    1.7678   -0.1710    0.1236         2    5.0000         0
         1         1   -4.7678   -1.7678   -0.1293    0.1514         1    0.0000         0
         1         2   -1.2322    1.7678    0.1139   -0.0914         1    5.0000         0
         1         3    4.7678   -1.7678    0.1269   -0.2606         2    0.0000         0
         1         4    1.2322    1.7678    0.1699   -0.2168         2    5.0000         0
         1         1   -4.7678   -1.7678    0.1738   -0.1319         1    0.0000         0
         1         2   -1.2322    1.7678   -0.1377    0.1841         1    5.0000         0
         1         3    4.7678   -1.7678    0.0169   -0.0089         2    0.0000         0
         1         4    1.2322    1.7678    0.1395    0.1147         2    5.0000         0
         1         1   -4.7678   -1.7678    0.1589   -0.0347         1    0.0000         0
         1         2   -1.2322    1.7678    0.0458    0.0807         1    5.0000         0
         1         3    4.7678   -1.7678    0.2021   -0.0702         2    0.0000         0
         1         4    1.2322    1.7678    0.6988    0.4300         2    5.0000         0
         1         1   -4.7678   -1.7678   -0.2779    0.0979         1    0.0000         0
         1         2   -1.2322    1.7678    0.0569   -0.2260         1    5.0000         0
         1         3    4.7678   -1.7678    0.2015   -0.1319         2    0.0000         0
         1         4    1.2322    1.7678    0.2973   -0.0341         2    5.0000         0
         1         1   -4.7678   -1.7678   -0.2851    0.0977         1    0.0000         0
         1         2   -1.2322    1.7678   -0.0685   -0.1161         1    5.0000         0
         1         3    4.7678   -1.7678    0.5033   -0.0497         2    0.0000         0
         1         4    1.2322    1.7678    0.4885   -0.0613         2    5.0000         0
         1         1   -4.7678   -1.7678   -0.0377   -0.0377         1    0.0000         0
         1         2   -1.2322    1.7678   -0.1075    0.0429         1    5.0000         0
         1         3    4.7678   -1.7678    0.2919   -0.6247         2    0.0000         0
         1         4    1.2322    1.7678    0.5598   -0.3486         2    5.0000         0
         1         1   -4.7678   -1.7678   -0.1630   -0.0972         1    0.0000         0
         1         2   -1.2322    1.7678   -0.4548    0.1980         1    5.0000         0
         1         3    4.7678   -1.7678    0.3248   -0.0013         2    0.0000         0
         1         4    1.2322    1.7678    0.3149    0.0063         2    5.0000         0
         1         1   -4.7678   -1.7678    0.1881    0.2254         1    0.0000         0
         1         2   -1.2322    1.7678    0.2411    0.1752         1    5.0000         0
         1         3    4.7678   -1.7678   -0.0384   -0.0637         2    0.0000         0
         1         4    1.2322    1.7678   -0.5072   -0.4411         2    5.0000         0
         1         1   -4.7678   -1.7678   -0.1037    0.0445         1    0.0000         0
         1         2   -1.2322    1.7678   -0.1407    0.0967         1    5.0000         0
         1         3    4.7678   -1.7678   -0.1829   -0.3593         2    0.0000         0
         1         4    1.2322    1.7678    0.0194   -0.1059         2    5.0000         0
         1         1   -4.7678   -1.7678    0.2137   -0.1608         1    0.0000         0
         1         2   -1.2322    1.7678    0.2383   -0.1721         1    5.0000         0
         1         3    4.7678   -1.7678    0.5556    0.2213         2    0.0000         0
         1         4    1.2322    1.7678    0.1016   -0.2147         2    5.0000         0
         1         1   -4.7678   -1.7678    0.1962    0.1537         1    0.0000         0
         1         2   -1.2322    1.7678    0.1181    0.2322         1    5.0000         0
         1         3    4.7678   -1.7678   -0.1267    0.1268         2    0.0000         0
         1         4    1.2322    1.7678   -0.2923   -0.0361         2    5.0000         0
         1         1   -4.7678   -1.7678   -0.1671   -0.3809         1    0.0000         0
         1         2   -1.2322    1.7678   -0.4303   -0.1057         1    5.0000         0
         1         3    4.7678   -1.7678   -0.0338   -0.3894         2    0.0000         0
         1         4    1.2322    1.7678    0.0699   -0.2845         2    5.0000         0
         1         1   -4.7678   -1.7678   -0.0264   -0.3294         1    0.0000         0
         1         2   -1.2322    1.7678    0.2022   -0.5312         1    5.0000         0
         1         3    4.7678   -1.7678   -0.0873   -0.2349         2    0.0000         0
         1         4    1.2322    1.7678   -0.0144   -0.1594         2    5.0000         0
         1         1   -4.7678   -1.7678    0.0778    0.1240         1    0.0000         0
         1         2   -1.2322    1.7678   -0.2348    0.4506         1    5.0000         0
         1         3    4.7678   -1.7678    0.0272   -0.2457         2    0.0000         0
         1         4    1.2322    1.7678    0.0716   -0.2006         2    5.0000         0
         1         1   -4.7678   -1.7678   -0.2224   -0.1209         1    0.0000         0
         1         2   -1.2322    1.7678   -0.2670   -0.0731         1    5.0000         0
         1         3    4.7678   -1.7678   -0.1130    0.2860         2    0.0000         0
         1         4    1.2322    1.7678   -0.1693    0.2304         2    5.0000         0
         1         1   -4.7678   -1.7678   -0.2637    0.1627         1    0.0000         0
         1         2   -1.2322    1.7678   -0.0983    0.0373         1    5.0000         0
         1         3    4.7678   -1.7678    0.3069    0.1052         2    0.0000         0
         1         4    1.2322    1.7678   -0.2137   -0.3990         2    5.0000         0
         1         1   -4.7678   -1.7678    0.0435   -0.0062         1    0.0000         0
         1         2   -1.2322    1.7678    0.5451   -0.5031         1    5.0000         0
         1         3    4.7678   -1.7678   -0.0790   -0.3349         2    0.0000         0
         1         4    1.2322    1.7678   -0.0073   -0.2452         2    5.0000         0
         1         1   -4.7678   -1.7678   -0.0597    0.0987         1    0.0000         0
         1         2   -1.2322    1.7678    0.0314    0.0303         1    5.0000         0
         1         3    4.7678   -1.7678    0.1107   -0.1025         2    0.0000         0
         1         4    1.2322    1.7678    0.0380   -0.1743         2    5.0000         0
         1         1   -4.7678   -1.7678    0.0101    0.0229         1    0.0000         0
         1         2   -1.2322    1.7678   -0.1573    0.1955         1    5.0000         0
         1         3    4.7678   -1.7678   -0.0299    0.0282         2    0.0000         0
         1         4    1.2322    1.7678   -0.0971   -0.0365         2    5.0000         0
         1         1   -4.7678   -1.7678   -0.1650   -0.3387         1    0.0000         0
         1         2   -1.2322    1.7678   -0.4895   -0.0023         1    5.0000         0
         1         3    4.7678   -1.7678    0.1345    0.2736         2    0.0000         0
         1         4    1.2322    1.7678    0.0346    0.1765         2    5.0000         0
         1         1   -4.7678   -1.7678   -0.0752   -0.0134         1    0.0000         0
         1         2   -1.2322    1.7678    0.2813   -0.3695         1    5.0000         0
         1         3    4.7678   -1.7678   -0.3201   -0.0357         2    0.0000         0
         1         4    1.2322    1.7678   -0.1753    0.1122         2    5.0000         0
