         1   -0.0626
         1    0.0943
         2    0.0436
         1   -0.0483
         0    0.0000
         1    0.1784
         2    0.0000
         1   -0.1187
         1    0.1745
         1    0.0000
         1   -0.1474
         2   -0.0037
         1    0.0192
         1    0.0154
         1   -0.0568
         1    0.0000
         2   -0.0008
         1    0.0277
         1   -0.1764
         1   -0.1622
         1   -0.0802
         1    0.0000
         1    0.0000
         2    0.0264
         1   -0.0350
         1    0.2205
         1   -0.0274
         1   -0.0590
         1    0.0000
         1   -0.0821
         2    0.0662
         2    0.0511
         2   -0.0789
         1    0.0000
         1   -0.0869
         2    0.0137
         1    0.0356
         2    0.0000
         1   -0.0324
         0    0.0000
         1   -0.1279
         1    0.0300
         1   -0.3081
         2   -0.0301
         1    0.0080
         0    0.0000
         1    0.0000
         1    0.0333
         2   -0.2324
         1   -0.0160
         1    0.0000
         1   -0.0137
         1    0.1337
         1    0.0021
         0    0.0000
         1    0.0000
         1   -0.0755
         1   -0.0342
         0    0.0000
         2    0.0463
         1    0.0492
         1    0.2595
         1    0.2033
         1    0.0000
         0    0.0000
         1    0.0507
         1    0.0067
         1    0.0218
         0    0.0000
         0    0.0000
         1    0.0000
         1   -0.1202
         1    0.0050
         1   -0.0165
         1    0.2528
         1    0.0351
         1    0.0000
         1    0.0000
         2    0.0000
         1    0.0000
         1    0.0502
         2    0.1227
         1   -0.1221
         1    0.0000
         1    0.0027
         1    0.2151
         1   -0.0750
         1    0.0503
         2   -0.0191
         1    0.0985
         1    0.0881
         1    0.0163
         1    0.0000
         1   -0.0238
         1    0.0285
         2   -0.0633
         1   -0.0407
         1    0.0102
         2    0.0000
         1   -0.1366
