         1         1   -1.2322   -1.7678    0.3869   -0.3165         1    0.0000         0
         1         2   -4.7678    1.7678    0.1608   -0.5417         1    5.0000         0
         1         3    1.2322   -1.7678    0.0827   -0.1019         2    0.0000         0
         1         4    4.7678    1.7678    0.1377   -0.1279         2    5.0000         0
         1         1   -1.2322   -1.7678   -0.2859   -0.1557         1    0.0000         0
         1         2   -4.7678    1.7678    0.0189    0.1598         1    5.0000         0
         1         3    1.2322   -1.7678   -0.1039    0.5756         2    0.0000         0
         1         4    4.7678    1.7678    0.4323    0.0511         2    5.0000         0
         1         1   -1.2322   -1.7678    0.0079    0.0512         1    0.0000         0
         1         2   -4.7678    1.7678   -0.3296   -0.2750         1    5.0000         0
         1         3    1.2322   -1.7678    0.0885    0.3482         2    0.0000         0
         1         4    4.7678    1.7678    0.1668    0.2784         2    5.0000         0
         1         1   -1.2322   -1.7678   -0.1626   -0.2624         1    0.0000         0
         1         2   -4.7678    1.7678    0.1656    0.0743         1    5.0000         0
         1         3    1.2322   -1.7678    0.1115    0.1196         2    0.0000         0
         1         4    4.7678    1.7678   -0.0502    0.2885         2    5.0000         0
         1         1   -1.2322   -1.7678   -0.2450   -0.2244         1    0.0000         0
         1         2   -4.7678    1.7678    0.0673    0.1304         1    5.0000         0
         1         3    1.2322   -1.7678    0.1040   -0.0374         2    0.0000         0
         1         4    4.7678    1.7678    0.2109   -0.1389         2    5.0000         0
         1         1   -1.2322   -1.7678    0.3283   -0.1132         1    0.0000         0
         1         2   -4.7678    1.7678    0.2696   -0.1714         1    5.0000         0
         1         3    1.2322   -1.7678   -0.1520    0.2530         2    0.0000         0
         1         4    4.7678    1.7678   -0.1335    0.2407         2    5.0000         0
         1         1   -1.2322   -1.7678    0.4414   -0.1525         1    0.0000         0
         1         2   -4.7678    1.7678    0.3920   -0.1688         1    5.0000         0
         1         3    1.2322   -1.7678   -0.2274    0.3521         2    0.0000         0
         1         4    4.7678    1.7678   -0.0776    0.2215         2    5.0000         0
         1         1   -1.2322   -1.7678    0.3421    0.3807         1    0.0000         0
         1         2   -4.7678    1.7678    0.1976    0.2554         1    5.0000         0
         1         3    1.2322   -1.7678   -0.2037    0.0515         2    0.0000         0
         1         4    4.7678    1.7678   -0.1679    0.0317         2    5.0000         0
         1         1   -1.2322   -1.7678   -0.1713   -0.0407         1    0.0000         0
         1         2   -4.7678    1.7678   -0.1936   -0.0597         1    5.0000         0
         1         3    1.2322   -1.7678    0.0729    0.1705         2    0.0000         0
         1         4    4.7678    1.7678    0.1871    0.0582         2    5.0000         0
         1         1   -1.2322   -1.7678    0.0883    0.1545         1    0.0000         0
         1         2   -4.7678    1.7678   -0.0631    0.0435         1    5.0000         0
         1         3    1.2322   -1.7678   -0.1198   -0.0192         2    0.0000         0
         1         4    4.7678    1.7678   -0.0357   -0.1011         2    5.0000         0
         1         1   -1.2322   -1.7678    0.0574   -0.0020         1    0.0000         0
         1         2   -4.7678    1.7678   -0.0905   -0.1467         1    5.0000         0
         1         3    1.2322   -1.7678    0.0529    0.1458         2    0.0000         0
         1         4    4.7678    1.7678    0.1630    0.0396         2    5.0000         0
         1         1   -1.2322   -1.7678   -0.4612    0.2876         1    0.0000         0
         1         2   -4.7678    1.7678   -0.5941    0.1625         1    5.0000         0
         1         3    1.2322   -1.7678    0.1194    0.2544         2    0.0000         0
         1         4    4.7678    1.7678    0.2011    0.1750         2    5.0000         0
         1         1   -1.2322   -1.7678   -0.0255    0.4544         1    0.0000         0
         1         2   -4.7678    1.7678   -0.1676    0.3212         1    5.0000         0
         1         3    1.2322   -1.7678    0.2537    0.0602         2    0.0000         0
         1         4    4.7678    1.7678    0.2224    0.1057         2    5.0000         0
         1         1   -1.2322   -1.7678    0.0864    0.2359         1    0.0000         0
         1         2   -4.7678    1.7678    0.1928    0.3426         1    5.0000         0
         1         3    1.2322   -1.7678   -0.0721   -0.0662         2    0.0000         0
         1         4    4.7678    1.7678   -0.0302   -0.1073         2    5.0000         0
         1         1   -1.2322   -1.7678   -0.2846   -0.3536         1    0.0000         0
         1         2   -4.7678    1.7678    0.2020    0.1625         1    5.0000         0
         1         3    1.2322   -1.7678   -0.0741   -0.3525         2    0.0000         0
         1         4    4.7678    1.7678   -0.4239    0.0055         2    5.0000         0
         1         1   -1.2322   -1.7678    0.4481   -0.2930         1    0.0000         0
         1         2   -4.7678    1.7678    0.3859   -0.3311         1    5.0000         0
         1         3    1.2322   -1.7678    0.1357    0.0025         2    0.0000         0
         1         4    4.7678    1.7678   -0.0390    0.1990         2    5.0000         0
         1         1   -1.2322   -1.7678    0.0269    0.1096         1    0.0000         0
         1         2   -4.7678    1.7678    0.3372    0.4224         1    5.0000         0
         1         3    1.2322   -1.7678    0.3621   -0.2672         2    0.0000         0
         1         4    4.7678    1.7678    0.3010   -0.1620         2    5.0000         0
         1         1   -1.2322   -1.7678   -0.0277    0.1105         1    0.0000         0
         1         2   -4.7678    1.7678   -0.0259    0.1139         1    5.0000         0
         1         3    1.2322   -1.7678   -0.0578   -0.2925         2    0.0000         0
         1         4    4.7678    1.7678   -0.1150   -0.2238         2    5.0000         0
         1         1   -1.2322   -1.7678   -0.2369   -0.0005         1    0.0000         0
         1         2   -4.7678    1.7678   -0.1259    0.1117         1    5.0000         0
         1         3    1.2322   -1.7678   -0.0330    0.1649         2    0.0000         0
         1         4    4.7678    1.7678   -0.1319    0.2673         2    5.0000         0
         1         1   -1.2322   -1.7678    0.0806   -0.0781         1    0.0000         0
         1         2   -4.7678    1.7678    0.1529    0.0065         1    5.0000         0
         1         3    1.2322   -1.7678    0.3469   -0.0411         2    0.0000         0
         1         4    4.7678    1.7678    0.2127    0.1684         2    5.0000         0
         1         1   -1.2322   -1.7678   -0.0973   -0.0434         1    0.0000         0
         1         2   -4.7678    1.7678   -0.2701   -0.1364         1    5.0000         0
         1         3    1.2322   -1.7678   -0.1959   -0.3226         2    0.0000         0
         1         4    4.7678    1.7678    0.1567   -0.6473         2    5.0000         0
         1         1   -1.2322   -1.7678    0.1201   -0.1045         1    0.0000         0
         1         2   -4.7678    1.7678    0.1555   -0.0524         1    5.0000         0
         1         3    1.2322   -1.7678    0.1704    0.1349         2    0.0000         0
         1         4    4.7678    1.7678    0.1136    0.1967         2    5.0000         0
         1         1   -1.2322   -1.7678   -0.2161   -0.1417         1    0.0000         0
         1         2   -4.7678    1.7678   -0.1293   -0.0405         1    5.0000         0
         1         3    1.2322   -1.7678    0.0116    0.0318         2    0.0000         0
         1         4    4.7678    1.7678    0.0322    0.0118         2    5.0000         0
         1         1   -1.2322   -1.7678   -0.3455    0.0590         1    0.0000         0
         1         2   -4.7678    1.7678   -0.2299    0.1895         1    5.0000         0
         1         3    1.2322   -1.7678    0.1372   -0.0770         2    0.0000         0
         1         4    4.7678    1.7678    0.0358    0.0252         2    5.0000         0
         1         1   -1.2322   -1.7678   -0.0677   -0.0367         1    0.0000         0
         1         2   -4.7678    1.7678    0.1893    0.2213         1    5.0000         0
         1         3    1.2322   -1.7678    0.5282   -0.3426         2    0.0000         0
         1         4    4.7678    1.7678   -0.0265    0.2686         2    5.0000         0
         1         1   -1.2322   -1.7678   -0.0091   -0.1032         1    0.0000         0
         1         2   -4.7678    1.7678    0.0673   -0.0253         1    5.0000         0
         1         3    1.2322   -1.7678    0.0764    0.0524         2    0.0000         0
         1         4    4.7678    1.7678   -0.0367    0.1663         2    5.0000         0
         1         1   -1.2322   -1.7678   -0.2338    0.0617         1    0.0000         0
         1         2   -4.7678    1.7678   -0.2266    0.0697         1    5.0000         0
         1         3    1.2322   -1.7678    0.2081   -0.2576         2    0.0000         0
         1         4    4.7678    1.7678   -0.1012    0.0685         2    5.0000         0
         1         1   -1.2322   -1.7678   -0.1239    0.1426         1    0.0000         0
         1         2   -4.7678    1.7678   -0.1296    0.1398         1    5.0000         0
         1         3    1.2322   -1.7678    0.2731   -0.2433         2    0.0000         0
         1         4    4.7678    1.7678   -0.0018    0.0537         2    5.0000         0
         1         1   -1.2322   -1.7678    0.0840    0.2355         1    0.0000         0
         1         2   -4.7678    1.7678   -0.1635    0.0301         1    5.0000         0
         1         3    1.2322   -1.7678    0.3112    0.1173         2    0.0000         0
         1         4    4.7678    1.7678    0.2543    0.1807         2    5.0000         0
         1         1   -1.2322   -1.7678   -0.0665   -0.1653         1    0.0000         0
         1         2   -4.7678    1.7678   -0.1558   -0.2365         1    5.0000         0
         1         3    1.2322   -1.7678    0.2082    0.0706         2    0.0000         0
         1         4    4.7678    1.7678    0.4775   -0.1929         2    5.0000         0
         1         1   -1.2322   -1.7678   -0.2214   -0.0175         1    0.0000         0
         1         2   -4.7678    1.7678    0.0240    0.2340         1    5.0000         0
         1         3    1.2322   -1.7678    0.0512    0.2309         2    0.0000         0
         1         4    4.7678    1.7678    0.1323    0.1563         2    5.0000         0
         1         1   -1.2322   -1.7678    0.1277    0.2896         1    0.0000         0
         1         2   -4.7678    1.7678    0.1081    0.2986         1    5.0000         0
         1         3    1.2322   -1.7678   -0.3229    0.3589         2    0.0000         0
         1         4    4.7678    1.7678   -0.0285    0.0790         2    5.0000         0
         1         1   -1.2322   -1.7678   -0.0181    0.0700         1    0.0000         0
         1         2   -4.7678    1.7678   -0.0866    0.0033         1    5.0000         0
         1         3    1.2322   -1.7678   -0.1445   -0.2594         2    0.0000         0
         1         4    4.7678    1.7678   -0.0353   -0.3670         2    5.0000         0
         1         1   -1.2322   -1.7678   -0.1813   -0.2543         1    0.0000         0
         1         2   -4.7678    1.7678   -0.0758   -0.1380         1    5.0000         0
         1         3    1.2322   -1.7678    0.0650   -0.0863         2    0.0000         0
         1         4    4.7678    1.7678    0.1406   -0.1395         2    5.0000         0
         1         1   -1.2322   -1.7678    0.1061    0.5079         1    0.0000         0
         1         2   -4.7678    1.7678   -0.0410    0.3875         1    5.0000         0
         1         3    1.2322   -1.7678   -0.4912   -0.4930         2    0.0000         0
         1         4    4.7678    1.7678   -0.2922   -0.6850         2    5.0000         0
         1         1   -1.2322   -1.7678    0.2912   -0.1318         1    0.0000         0
         1         2   -4.7678    1.7678    0.2879   -0.1286         1    5.0000         0
         1         3    1.2322   -1.7678   -0.2196    0.1238         2    0.0000         0
         1         4    4.7678    1.7678   -0.1196    0.0299         2    5.0000         0
         1         1   -1.2322   -1.7678    0.0998    0.3154         1    0.0000         0
         1         2   -4.7678    1.7678    0.0476    0.2684         1    5.0000         0
         1         3    1.2322   -1.7678    0.0716    0.3384         2    0.0000         0
         1         4    4.7678    1.7678    0.3017    0.1087         2    5.0000         0
         1         1   -1.2322   -1.7678   -0.1158    0.1668         1    0.0000         0
         1         2   -4.7678    1.7678   -0.1823    0.1051         1    5.0000         0
         1         3    1.2322   -1.7678   -0.0092   -0.1516         2    0.0000         0
         1         4    4.7678    1.7678   -0.1364   -0.0136         2    5.0000         0
         1         1   -1.2322   -1.7678   -0.0925   -0.1035         1    0.0000         0
         1         2   -4.7678    1.7678   -0.0566   -0.0401         1    5.0000         0
         1         3    1.2322   -1.7678   -0.0845   -0.0783         2    0.0000         0
         1         4    4.7678    1.7678   -0.2054    0.0493         2    5.0000         0
         1         1   -1.2322   -1.7678   -0.0848   -0.0363         1    0.0000         0
         1         2   -4.7678    1.7678   -0.1899   -0.0831         1    5.0000         0
         1         3    1.2322   -1.7678   -0.1928   -0.0704         2    0.0000         0
         1         4    4.7678    1.7678    0.0225   -0.2506         2    5.0000         0
         1         1   -1.2322   -1.7678    0.1893    0.0182         1    0.0000         0
         1         2   -4.7678    1.7678    0.0494   -0.1211         1    5.0000         0
         1         3    1.2322   -1.7678    0.2177   -0.4221         2    0.0000         0
         1         4    4.7678    1.7678    0.0436   -0.2438         2    5.0000         0
         1         1   -1.2322   -1.7678    0.0046    0.0695         1    0.0000         0
         1         2   -4.7678    1.7678    0.0845    0.1511         1    5.0000         0
         1         3    1.2322   -1.7678   -0.0573    0.3407         2    0.0000         0
         1         4    4.7678    1.7678    0.3958   -0.1115         2    5.0000         0
         1         1   -1.2322   -1.7678   -0.0873    0.1577         1    0.0000         0
         1         2   -4.7678    1.7678   -0.1128    0.1332         1    5.0000         0
         1         3    1.2322   -1.7678   -0.1559   -0.0741         2    0.0000         0
         1         4    4.7678    1.7678   -0.0942   -0.1342         2    5.0000         0
         1         1   -1.2322   -1.7678   -0.1472   -0.0319         1    0.0000         0
         1         2   -4.7678    1.7678    0.1330    0.3183         1    5.0000         0
         1         3    1.2322   -1.7678   -0.0205    0.2951         2    0.0000         0
         1         4    4.7678    1.7678    0.1693    0.1252         2    5.0000         0
         1         1   -1.2322   -1.7678   -0.1953    0.0426         1    0.0000         0
         1         2   -4.7678    1.7678   -0.0586    0.1828         1    5.0000         0
         1         3    1.2322   -1.7678   -0.0998   -0.0966         2    0.0000         0
         1         4    4.7678    1.7678   -0.0434   -0.1522         2    5.0000         0
         1         1   -1.2322   -1.7678    0.0706    0.2000         1    0.0000         0
         1         2   -4.7678    1.7678    0.1615    0.2979         1    5.0000         0
         1         3    1.2322   -1.7678   -0.1922   -0.0161         2    0.0000         0
         1         4    4.7678    1.7678   -0.1999    0.0189         2    5.0000         0
         1         1   -1.2322   -1.7678   -0.0473    0.1762         1    0.0000         0
         1         2   -4.7678    1.7678   -0.1955    0.0373         1    5.0000         0
         1         3    1.2322   -1.7678   -0.0669    0.1494         2    0.0000         0
         1         4    4.7678    1.7678   -0.0497    0.1432         2    5.0000         0
         1         1   -1.2322   -1.7678   -0.2846   -0.1882         1    0.0000         0
         1         2   -4.7678    1.7678   -0.0616    0.0501         1    5.0000         0
         1         3    1.2322   -1.7678    0.0710    0.0488         2    0.0000         0
         1         4    4.7678    1.7678    0.1948   -0.0074         2    5.0000         0
         1         1   -1.2322   -1.7678    0.0979   -0.1330         1    0.0000         0
         1         2   -4.7678    1.7678    0.0181   -0.2117         1    5.0000         0
         1         3    1.2322   -1.7678    0.0582   -0.0028         2    0.0000         0
         1         4    4.7678    1.7678    0.4335   -0.3744         2    5.0000         0
         1         1   -1.2322   -1.7678   -0.1052   -0.0363         1    0.0000         0
         1         2   -4.7678    1.7678    0.1238    0.1986         1    5.0000         0
         1         3    1.2322   -1.7678    0.3353    0.1102         2    0.0000         0
         1         4    4.7678    1.7678    0.1285    0.3249         2    5.0000         0
         1         1   -1.2322   -1.7678   -0.0438   -0.3590         1    0.0000         0
         1         2   -4.7678    1.7678    0.0140   -0.2840         1    5.0000         0
         1         3    1.2322   -1.7678   -0.0541    0.0260         2    0.0000         0
         1         4    4.7678    1.7678    0.1712   -0.1993         2    5.0000         0
         1         1   -1.2322   -1.7678    0.1717    0.1217         1    0.0000         0
         1         2   -4.7678    1.7678    0.0026   -0.0316         1    5.0000         0
         1         3    1.2322   -1.7678    0.1386    0.0590         2    0.0000         0
         1         4    4.7678    1.7678   -0.1465    0.3582         2    5.0000         0
         1         1   -1.2322   -1.7678    0.0724    0.1349         1    0.0000         0
         1         2   -4.7678    1.7678    0.2322    0.3006         1    5.0000         0
         1         3    1.2322   -1.7678    0.0360    0.3915         2    0.0000         0
         1         4    4.7678    1.7678    0.1277    0.3032         2    5.0000         0
         1         1   -1.2322   -1.7678   -0.0372    0.0910         1    0.0000         0
         1         2   -4.7678    1.7678   -0.0208    0.1373         1    5.0000         0
         1         3    1.2322   -1.7678    0.0586    0.0953         2    0.0000         0
         1         4    4.7678    1.7678    0.1857   -0.0314         2    5.0000         0
         1         1   -1.2322   -1.7678   -0.3829   -0.0588         1    0.0000         0
         1         2   -4.7678    1.7678   -0.0027    0.3356         1    5.0000         0
         1         3    1.2322   -1.7678    0.1483   -0.2072         2    0.0000         0
         1         4    4.7678    1.7678    0.0852   -0.1299         2    5.0000         0
         1         1   -1.2322   -1.7678   -0.0193    0.0305         1    0.0000         0
         1         2   -4.7678    1.7678   -0.1500   -0.0963         1    5.0000         0
         1         3    1.2322   -1.7678   -0.3754    0.0485         2    0.0000         0
         1         4    4.7678    1.7678   -0.1131   -0.1713         2    5.0000         0
         1         1   -1.2322   -1.7678    0.0729   -0.1586         1    0.0000         0
         1         2   -4.7678    1.7678    0.2223    0.0058         1    5.0000         0
         1         3    1.2322   -1.7678   -0.0966   -0.1258         2    0.0000         0
         1         4    4.7678    1.7678   -0.2391    0.0174         2    5.0000         0
         1         1   -1.2322   -1.7678    0.0123   -0.1249         1    0.0000         0
         1         2   -4.7678    1.7678    0.0414   -0.0658         1    5.0000         0
         1         3    1.2322   -1.7678    0.2658    0.0174         2    0.0000         0
         1         4    4.7678    1.7678    0.2288    0.0698         2    5.0000         0
         1         1   -1.2322   -1.7678    0.4186    0.0442         1    0.0000         0
         1         2   -4.7678    1.7678    0.1274   -0.2454         1    5.0000         0
         1         3    1.2322   -1.7678   -0.1470   -0.0468         2    0.0000         0
         1         4    4.7678    1.7678   -0.1393   -0.0492         2    5.0000         0
         1         1   -1.2322   -1.7678    0.0537   -0.1346         1    0.0000         0
         1         2   -4.7678    1.7678    0.1274   -0.0597         1    5.0000         0
         1         3    1.2322   -1.7678   -0.0006    0.1047         2    0.0000         0
         1         4    4.7678    1.7678    0.1269   -0.0128         2    5.0000         0
         1         1   -1.2322   -1.7678    0.1841    0.1068         1    0.0000         0
         1         2   -4.7678    1.7678   -0.1392   -0.2138         1    5.0000         0
         1         3    1.2322   -1.7678    0.0885    0.2833         2    0.0000         0
         1         4    4.7678    1.7678   -0.1664    0.5431         2    5.0000         0
         1         1   -1.2322   -1.7678   -0.3648   -0.4503         1    0.0000         0
         1         2   -4.7678    1.7678    0.2469    0.1787         1    5.0000         0
         1         3    1.2322   -1.7678    0.3677   -0.0271         2    0.0000         0
         1         4    4.7678    1.7678    0.1439    0.2277         2    5.0000         0
         1         1   -1.2322   -1.7678   -0.0747   -0.1503         1    0.0000         0
         1         2   -4.7678    1.7678   -0.2641   -0.2693         1    5.0000         0
         1         3    1.2322   -1.7678   -0.3019   -0.4111         2    0.0000         0
         1         4    4.7678    1.7678   -0.5002   -0.1848         2    5.0000         0
         1         1   -1.2322   -1.7678   -0.0227    0.4106         1    0.0000         0
         1         2   -4.7678    1.7678   -0.2531    0.1811         1    5.0000         0
         1         3    1.2322   -1.7678   -0.4616   -0.1486         2    0.0000         0
         1         4    4.7678    1.7678   -0.4404   -0.1487         2    5.0000         0
         1         1   -1.2322   -1.7678   -0.1407    0.0019         1    0.0000         0
         1         2   -4.7678    1.7678   -0.1402    0.0051         1    5.0000         0
         1         3    1.2322   -1.7678   -0.0013    0.2882         2    0.0000         0
         1         4    4.7678    1.7678    0.4143   -0.1193         2    5.0000         0
         1         1   -1.2322   -1.7678   -0.1930   -0.0596         1    0.0000         0
         1         2   -4.7678    1.7678    0.1156    0.2492         1    5.0000         0
         1         3    1.2322   -1.7678   -0.0573    0.3382         2    0.0000         0
         1         4    4.7678    1.7678    0.1877    0.0969         2    5.0000         0
         1         1   -1.2322   -1.7678    0.5042    0.0564         1    0.0000         0
         1         2   -4.7678    1.7678    0.2437   -0.2033         1    5.0000         0
         1         3    1.2322   -1.7678   -0.0544   -0.3110         2    0.0000         0
         1         4    4.7678    1.7678   -0.2371   -0.1169         2    5.0000         0
         1         1   -1.2322   -1.7678   -0.2663    0.0853         1    0.0000         0
         1         2   -4.7678    1.7678   -0.3107    0.0470         1    5.0000         0
         1         3    1.2322   -1.7678   -0.1766   -0.3110         2    0.0000         0
         1         4    4.7678    1.7678   -0.3852   -0.0736         2    5.0000         0
         1         1   -1.2322   -1.7678    0.0077   -0.2344         1    0.0000         0
         1         2   -4.7678    1.7678   -0.1190   -0.3570         1    5.0000         0
         1         3    1.2322   -1.7678    0.2507   -0.1774         2    0.0000         0
         1         4    4.7678    1.7678    0.2608   -0.1811         2    5.0000         0
         1         1   -1.2322   -1.7678    0.2992    0.0743         1    0.0000         0
         1         2   -4.7678    1.7678    0.1138   -0.1065         1    5.0000         0
         1         3    1.2322   -1.7678   -0.0742   -0.1826         2    0.0000         0
         1         4    4.7678    1.7678   -0.1333   -0.1234         2    5.0000         0
         1         1   -1.2322   -1.7678   -0.1309   -0.0942         1    0.0000         0
         1         2   -4.7678    1.7678   -0.0151    0.0228         1    5.0000         0
         1         3    1.2322   -1.7678    0.3858    0.1397         2    0.0000         0
         1         4    4.7678    1.7678    0.5541   -0.0236         2    5.0000         0
         1         1   -1.2322   -1.7678   -0.5916    0.2725         1    0.0000         0
         1         2   -4.7678    1.7678   -0.2361    0.6326         1    5.0000         0
         1         3    1.2322   -1.7678   -0.1548    0.2057         2    0.0000         0
         1         4    4.7678    1.7678   -0.2219    0.2805         2    5.0000         0
         1         1   -1.2322   -1.7678   -0.1034    0.3928         1    0.0000         0
         1         2   -4.7678    1.7678   -0.1016    0.4338         1    5.0000         0
         1         3    1.2322   -1.7678    0.1880    0.2753         2    0.0000         0
         1         4    4.7678    1.7678    0.4809   -0.0068         2    5.0000         0
         1         1   -1.2322   -1.7678   -0.0298   -0.1837         1    0.0000         0
         1         2   -4.7678    1.7678    0.2716    0.1259         1    5.0000         0
         1         3    1.2322   -1.7678    0.0392    0.4547         2    0.0000         0
         1         4    4.7678    1.7678    0.3674    0.1333         2    5.0000         0
         1         1   -1.2322   -1.7678    0.0894   -0.1922         1    0.0000         0
         1         2   -4.7678    1.7678   -0.0756   -0.3547         1    5.0000         0
         1         3    1.2322   -1.7678    0.0941    0.2430         2    0.0000         0
         1         4    4.7678    1.7678    0.1673    0.1799         2    5.0000         0
         1         1   -1.2322   -1.7678    0.0438   -0.1075         1    0.0000         0
         1         2   -4.7678    1.7678    0.0906   -0.0579         1    5.0000         0
         1         3    1.2322   -1.7678    0.1203    0.2642         2    0.0000         0
         1         4    4.7678    1.7678   -0.0091    0.4133         2    5.0000         0
         1         1   -1.2322   -1.7678    0.2963   -0.2193         1    0.0000         0
         1         2   -4.7678    1.7678    0.3394   -0.1753         1    5.0000         0
         1         3    1.2322   -1.7678   -0.0249   -0.1737         2    0.0000         0
         1         4    4.7678    1.7678   -0.1590   -0.0392         2    5.0000         0
         1         1   -1.2322   -1.7678   -0.0998    0.0246         1    0.0000         0
         1         2   -4.7678    1.7678   -0.0661    0.0597         1    5.0000         0
         1         3    1.2322   -1.7678   -0.2259    0.0386         2    0.0000         0
         1         4    4.7678    1.7678   -0.1412   -0.0258         2    5.0000         0
         1         1   -1.2322   -1.7678    0.1272    0.2440         1    0.0000         0
         1         2   -4.7678    1.7678    0.0629    0.2109         1    5.0000         0
         1         3    1.2322   -1.7678   -0.2718   -0.0835         2    0.0000         0
         1         4    4.7678    1.7678   -0.2033   -0.1474         2    5.0000         0
         1         1   -1.2322   -1.7678   -0.0059    0.3420         1    0.0000         0
         1         2   -4.7678    1.7678   -0.1186    0.2355         1    5.0000         0
         1         3    1.2322   -1.7678   -0.0703   -0.1824         2    0.0000         0
         1         4    4.7678    1.7678    0.1224   -0.3737         2    5.0000         0
         1         1   -1.2322   -1.7678    0.0187    0.0112         1    0.0000         0
         1         2   -4.7678    1.7678   -0.1584   -0.1575         1    5.0000         0
         1         3    1.2322   -1.7678    0.2909    0.2479         2    0.0000         0
         1         4    4.7678    1.7678    0.1908    0.3543         2    5.0000         0
         1         1   -1.2322   -1.7678   -0.0432    0.1342         1    0.0000         0
         1         2   -4.7678    1.7678    0.0999    0.2886         1    5.0000         0
         1         3    1.2322   -1.7678   -0.0208    0.1245         2    0.0000         0
         1         4    4.7678    1.7678    0.2120   -0.0736         2    5.0000         0
         1         1   -1.2322   -1.7678    0.4377   -0.2463         1    0.0000         0
         1         2   -4.7678    1.7678    0.3058   -0.3706         1    5.0000         0
         1         3    1.2322   -1.7678    0.0954   -0.3055         2    0.0000         0
         1         4    4.7678    1.7678   -0.0797   -0.1289         2    5.0000         0
         1         1   -1.2322   -1.7678   -0.2051    0.0810         1    0.0000         0
         1         2   -4.7678    1.7678   -0.3695   -0.0824         1    5.0000         0
         1         3    1.2322   -1.7678    0.1143   -0.5172         2    0.0000         0
         1         4    4.7678    1.7678   -0.0807   -0.3142         2    5.0000         0
         1         1   -1.2322   -1.7678   -0.2833    0.0624         1    0.0000         0
         1         2   -4.7678    1.7678   -0.1737    0.1722         1    5.0000         0
         1         3    1.2322   -1.7678   -0.1215   -0.2263         2    0.0000         0
         1         4    4.7678    1.7678   -0.1660   -0.1784         2    5.0000         0
         1         1   -1.2322   -1.7678   -0.0857    0.1530         1    0.0000         0
         1         2   -4.7678    1.7678   -0.1016    0.1396         1    5.0000         0
         1         3    1.2322   -1.7678   -0.0417   -0.2267         2    0.0000         0
         1         4    4.7678    1.7678   -0.2778    0.0121         2    5.0000         0
         1         1   -1.2322   -1.7678   -0.1837   -0.3560         1    0.0000         0
         1         2   -4.7678    1.7678   -0.0419   -0.2068         1    5.0000         0
         1         3    1.2322   -1.7678    0.3518    0.1616         2    0.0000         0
         1         4    4.7678    1.7678    0.1902    0.3327         2    5.0000         0
         1         1   -1.2322   -1.7678    0.0155    0.3742         1    0.0000         0
         1         2   -4.7678    1.7678   -0.3423    0.0413         1    5.0000         0
         1         3    1.2322   -1.7678    0.0045   -0.2389         2    0.0000         0
         1         4    4.7678    1.7678   -0.3643    0.1335         2    5.0000         0
         1         1   -1.2322   -1.7678    0.0065   -0.2539         1    0.0000         0
         1         2   -4.7678    1.7678    0.0862   -0.1724         1    5.0000         0
         1         3    1.2322   -1.7678   -0.2276   -0.1953         2    0.0000         0
         1         4    4.7678    1.7678   -0.3242   -0.0983         2    5.0000         0
         1         1   -1.2322   -1.7678    0.0979    0.0830         1    0.0000         0
         1         2   -4.7678    1.7678   -0.1584   -0.1423         1    5.0000         0
         1         3    1.2322   -1.7678    0.1576    0.0588         2    0.0000         0
         1         4    4.7678    1.7678   -0.0076    0.2246         2    5.0000         0
         1         1   -1.2322   -1.7678    0.2080    0.3018         1    0.0000         0
         1         2   -4.7678    1.7678   -0.1885   -0.0855         1    5.0000         0
         1         3    1.2322   -1.7678   -0.2569   -0.1987         2    0.0000         0
         1         4    4.7678    1.7678    0.2096   -0.6643         2    5.0000         0
         1         1   -1.2322   -1.7678    0.1059    0.2353         1    0.0000         0
         1         2   -4.7678    1.7678    0.0888    0.2214         1    5.0000         0
         1         3    1.2322   -1.7678   -0.0165    0.2158         2    0.0000         0
         1         4    4.7678    1.7678    0.1413    0.0597         2    5.0000         0
         1         1   -1.2322   -1.7678    0.2290   -0.1868         1    0.0000         0
         1         2   -4.7678    1.7678    0.3310   -0.0675         1    5.0000         0
         1         3    1.2322   -1.7678    0.1427   -0.0087         2    0.0000         0
         1         4    4.7678    1.7678    0.1182    0.0197         2    5.0000         0
         1         1   -1.2322   -1.7678    0.1895    0.1723         1    0.0000         0
         1         2   -4.7678    1.7678    0.0698    0.0534         1    5.0000         0
         1         3    1.2322   -1.7678   -0.2397   -0.5855         2    0.0000         0
         1         4    4.7678    1.7678   -0.4137   -0.4113         2    5.0000         0
         1         1   -1.2322   -1.7678   -0.1873   -0.2308         1    0.0000         0
         1         2   -4.7678    1.7678   -0.0196   -0.0512         1    5.0000         0
         1         3    1.2322   -1.7678    0.1390   -0.0872         2    0.0000         0
         1         4    4.7678    1.7678    0.0387    0.0491         2    5.0000         0
         1         1   -1.2322   -1.7678   -0.1281   -0.0394         1    0.0000         0
         1         2   -4.7678    1.7678   -0.1742   -0.0712         1    5.0000         0
         1         3    1.2322   -1.7678    0.1293   -0.3853         2    0.0000         0
         1         4    4.7678    1.7678   -0.5188    0.2688         2    5.0000         0
         1         1   -1.2322   -1.7678    0.1294   -0.2459         1    0.0000         0
         1         2   -4.7678    1.7678    0.1778   -0.1890         1    5.0000         0
         1         3    1.2322   -1.7678    0.0278   -0.2878         2    0.0000         0
         1         4    4.7678    1.7678   -0.0052   -0.2500         2    5.0000         0
         1         1   -1.2322   -1.7678    0.1534    0.2266         1    0.0000         0
         1         2   -4.7678    1.7678   -0.2182   -0.1427         1    5.0000         0
         1         3    1.2322   -1.7678   -0.2033    0.2951         2    0.0000         0
         1         4    4.7678    1.7678   -0.2240    0.3456         2    5.0000         0
         1         1   -1.2322   -1.7678    0.3420    0.2558         1    0.0000         0
         1         2   -4.7678    1.7678    0.4757    0.4227         1    5.0000         0
         1         3    1.2322   -1.7678   -0.0701   -0.0992         2    0.0000         0
         1         4    4.7678    1.7678   -0.2196    0.0584         2    5.0000         0
         1         1   -1.2322   -1.7678    0.0514    0.3326         1    0.0000         0
         1         2   -4.7678    1.7678   -0.1743    0.1100         1    5.0000         0
         1         3    1.2322   -1.7678    0.3418    0.1568         2    0.0000         0
         1         4    4.7678    1.7678    0.3881    0.1188         2    5.0000         0
