         1    0.0000
         1    0.0000
         0    0.0000
         0    0.0000
         0    0.0000
         0    0.0000
         1    0.0000
         0    0.0000
         0    0.0000
         0    0.0000
         0    0.0000
         0    0.0000
         1    0.0262
         1    0.0000
         1   -0.0254
         0    0.0000
         1   -0.0285
         1   -0.0071
         0    0.0000
         1    0.0000
         0    0.0000
         0    0.0000
         0    0.0000
         0    0.0000
         0    0.0000
         1    0.0000
         1    0.0000
         0    0.0000
         0    0.0000
         0    0.0000
         0    0.0000
         0    0.0000
         0    0.0000
         0    0.0000
         1    0.0000
         0    0.0000
         0    0.0000
         0    0.0000
         0    0.0000
         0    0.0000
         0    0.0000
         0    0.0000
         1    0.0177
         0    0.0000
         0    0.0000
         0    0.0000
         0    0.0000
         0    0.0000
         0    0.0000
         0    0.0000
         0    0.0000
         0    0.0000
         0    0.0000
         0    0.0000
         0    0.0000
         1    0.0000
         1   -0.0651
         0    0.0000
         0    0.0000
         0    0.0000
         0    0.0000
         0    0.0000
         1    0.0065
         0    0.0000
         0    0.0000
         0    0.0000
         0    0.0000
         0    0.0000
         0    0.0000
         0    0.0000
         0    0.0000
         0    0.0000
         0    0.0000
         1    0.0546
         1    0.0000
         0    0.0000
         0    0.0000
         0    0.0000
         0    0.0000
         1    0.0395
         1    0.0000
         0    0.0000
         0    0.0000
         1    0.0000
         1    0.0000
         0    0.0000
         0    0.0000
         0    0.0000
         0    0.0000
         0    0.0000
         0    0.0000
         1    0.0000
         0    0.0000
         0    0.0000
         0    0.0000
         0    0.0000
         0    0.0000
         1    0.0000
         0    0.0000
         0    0.0000
