
% time 5.0000
% report fiber:force
% identity      posX      posY    forceX    forceY   tension
%   fiber f1:0001
         1  -20.8524    6.1035    0.0000    0.0000    0.0010
         1  -20.6968    5.9706    0.0000    0.0000    0.0020
         1  -20.5411    5.8377    0.0000    0.0000    0.0031
         1  -20.3855    5.7047    0.0000    0.0000    0.0041
         1  -20.2299    5.5718    0.0000    0.0000    0.0051
         1  -20.0742    5.4389    0.0000    0.0000    0.0061
         1  -19.9186    5.3060    0.0000    0.0000    0.0072
         1  -19.7630    5.1731    0.0000    0.0000    0.0082
         1  -19.6073    5.0401    0.0000    0.0000    0.0092
         1  -19.4517    4.9072    0.0000    0.0000    0.0102
         1  -19.2961    4.7743    0.0000    0.0000    0.0113
         1  -19.1404    4.6414    0.0000    0.0000    0.0123
         1  -18.9848    4.5085    0.0000    0.0000    0.0133
         1  -18.8291    4.3756    0.0000    0.0000    0.0143
         1  -18.6734    4.2428    0.0000    0.0000    0.0154
         1  -18.5177    4.1099    0.0000    0.0000    0.0164
         1  -18.3620    3.9771   -2.3618    1.9739    3.0953
         1  -18.2063    3.8443    2.3495   -2.0167    0.0000
%   fiber f1:0002
         2   -3.1823   23.6468    0.0000    0.0000    0.0019
         2   -3.2768   23.8212    0.0000    0.0000    0.0039
         2   -3.3712   23.9957    0.0000    0.0000    0.0058
         2   -3.4657   24.1701    0.0000    0.0000    0.0077
         2   -3.5603   24.3446    0.0000    0.0000    0.0096
         2   -3.6548   24.5190    0.0000    0.0000    0.0116
         2   -3.7493   24.6934    0.0000    0.0000    0.0135
         2   -3.8439   24.8678    0.0000    0.0000    0.0154
         2   -3.9385   25.0421    0.0000    0.0000    0.0173
         2   -4.0332   25.2165    0.0000    0.0000    0.0193
         2   -4.1279   25.3909    0.0000    0.0000    0.0212
         2   -4.2226   25.5652    0.0000    0.0000    0.0231
         2   -4.3173   25.7395    0.0000    0.0000    0.0251
         2   -4.4120   25.9138    0.0000    0.0000    0.0270
         2   -4.5068   26.0881    0.0000    0.0000    0.0289
         2   -4.6016   26.2624    0.0000    0.0000    0.0308
         2   -4.6964   26.4366    0.0000    0.0000    0.0328
         2   -4.7912   26.6109    0.0000    0.0000    0.0347
         2   -4.8860   26.7852    0.0000    0.0000    0.0366
         2   -4.9809   26.9594    0.0000    0.0000    0.0386
         2   -5.0758   27.1336    0.0000    0.0000    0.0405
         2   -5.1706   27.3079    0.0000    0.0000    0.0424
         2   -5.2655   27.4821    0.0000    0.0000    0.0443
         2   -5.3604   27.6563    0.0000    0.0000    0.0463
         2   -5.4553   27.8306    0.0000    0.0000    0.0482
         2   -5.5501   28.0048    0.0000    0.0000    0.0501
         2   -5.6450   28.1790    0.0000    0.0000    0.0520
         2   -5.7398   28.3533    0.0000    0.0000    0.0540
         2   -5.8347   28.5276    0.0000    0.0000    0.0559
         2   -5.9295   28.7018   -0.0290   -0.0962    0.1285
         2   -6.0243   28.8761   -0.0186    0.1383    0.0000
%   fiber f1:0003
         3  -21.1919  -31.7339    0.0000    0.0000    0.0160
         3  -21.0645  -31.5791    0.0000    0.0000    0.0319
         3  -20.9371  -31.4243    0.0000    0.0000    0.0479
         3  -20.8097  -31.2695    0.0000    0.0000    0.0638
         3  -20.6823  -31.1146    0.0000    0.0000    0.0798
         3  -20.5549  -30.9598    0.0000    0.0000    0.0957
         3  -20.4275  -30.8050    0.0000    0.0000    0.1117
         3  -20.3002  -30.6502    0.0000    0.0000    0.1277
         3  -20.1728  -30.4953    0.0000    0.0000    0.1436
         3  -20.0454  -30.3405    0.0000    0.0000    0.1596
         3  -19.9180  -30.1857    0.0000    0.0000    0.1755
         3  -19.7906  -30.0309    0.0000    0.0000    0.1915
         3  -19.6633  -29.8760    0.0000    0.0000    0.2074
         3  -19.5359  -29.7212    0.0000    0.0000    0.2234
         3  -19.4085  -29.5664    0.0000    0.0000    0.2394
         3  -19.2810  -29.4116    0.0000    0.0000    0.2553
         3  -19.1536  -29.2568    0.0000    0.0000    0.2713
         3  -19.0262  -29.1020    0.0000    0.0000    0.2872
         3  -18.8987  -28.9473    0.0000    0.0000    0.3032
         3  -18.7713  -28.7925    0.0000    0.0000    0.3191
         3  -18.6438  -28.6378    0.0000    0.0000    0.3351
         3  -18.5163  -28.4831    0.0000    0.0000    0.3511
         3  -18.3887  -28.3284    0.0000    0.0000    0.3670
         3  -18.2612  -28.1737    0.0000    0.0000    0.3830
         3  -18.1336  -28.0190    0.0000    0.0000    0.3989
         3  -18.0059  -27.8644    0.0000    0.0000    0.4149
         3  -17.8783  -27.7098    0.0000    0.0000    0.4309
         3  -17.7506  -27.5553    0.0000    0.0000    0.4468
         3  -17.6228  -27.4007    0.0000    0.0000    0.4628
         3  -17.4951  -27.2462    0.0000    0.0000    0.4787
         3  -17.3673  -27.0917    0.0000    0.0000    0.4947
         3  -17.2395  -26.9372    0.0000    0.0000    0.5106
         3  -17.1117  -26.7828    0.0000    0.0000    0.5266
         3  -16.9838  -26.6283    0.0000    0.0000    0.5426
         3  -16.8560  -26.4739    0.0000    0.0000    0.5585
         3  -16.7281  -26.3194    0.0000    0.0000    0.5745
         3  -16.6003  -26.1650    0.0000    0.0000    0.5904
         3  -16.4725  -26.0105    0.0000    0.0000    0.6064
         3  -16.3446  -25.8561    0.0000    0.0000    0.6223
         3  -16.2168  -25.7016    0.0000    0.0000    0.6383
         3  -16.0890  -25.5472    0.0000    0.0000    0.6543
         3  -15.9612  -25.3927    0.0000    0.0000    0.6702
         3  -15.8334  -25.2382    0.0000    0.0000    0.6862
         3  -15.7056  -25.0837    0.0000    0.0000    0.7021
         3  -15.5777  -24.9293    0.0000    0.0000    0.7181
         3  -15.4499  -24.7748    0.0000    0.0000    0.7340
         3  -15.3220  -24.6204    0.0000    0.0000    0.7500
         3  -15.1942  -24.4660    0.0000    0.0000    0.7660
         3  -15.0663  -24.3116    0.0000    0.0000    0.7819
         3  -14.9384  -24.1572    0.0000    0.0000    0.7979
         3  -14.8105  -24.0028    0.0000    0.0000    0.8138
         3  -14.6826  -23.8484    0.0000    0.0000    0.8298
         3  -14.5547  -23.6939    0.0000    0.0000    0.8458
         3  -14.4268  -23.5395    0.0000    0.0000    0.8617
         3  -14.2990  -23.3851   -3.1736    2.2358    1.1792
         3  -14.1712  -23.2306    5.7310   -5.5032    1.7859
         3  -14.0440  -23.0756   -2.5370    3.1387    0.9618
         3  -13.9168  -22.9206    0.0000    0.0000    0.9549
         3  -13.7896  -22.7656    0.0000    0.0000    0.9480
         3  -13.6625  -22.6106    0.0000    0.0000    0.9411
         3  -13.5353  -22.4556    0.0000    0.0000    0.9342
         3  -13.4082  -22.3006    0.0000    0.0000    0.9273
         3  -13.2810  -22.1456    0.0000    0.0000    0.9204
         3  -13.1539  -21.9905    0.0000    0.0000    0.9134
         3  -13.0268  -21.8355    0.0000    0.0000    0.9065
         3  -12.8997  -21.6804    0.0000    0.0000    0.8996
         3  -12.7726  -21.5254    0.0000    0.0000    0.8927
         3  -12.6455  -21.3703    0.0000    0.0000    0.8858
         3  -12.5185  -21.2152    0.0000    0.0000    0.8789
         3  -12.3914  -21.0601    0.0000    0.0000    0.8720
         3  -12.2644  -20.9050   -0.3142   -0.6924    1.5998
         3  -12.1374  -20.7498    0.3877    1.2665    0.3673
         3  -12.0104  -20.5947    0.1758   -0.4171    0.5717
         3  -11.8834  -20.4395   -0.3764   -0.2609    1.0050
         3  -11.7564  -20.2844    0.0000    0.0000    0.9980
         3  -11.6295  -20.1292    0.0000    0.0000    0.9910
         3  -11.5025  -19.9741    0.0000    0.0000    0.9840
         3  -11.3755  -19.8189    0.0000    0.0000    0.9770
         3  -11.2485  -19.6638    0.0000    0.0000    0.9700
         3  -11.1215  -19.5087    0.0000    0.0000    0.9630
         3  -10.9944  -19.3535    0.0000    0.0000    0.9560
         3  -10.8674  -19.1984    0.0000    0.0000    0.9490
         3  -10.7403  -19.0434    0.0000    0.0000    0.9420
         3  -10.6133  -18.8883    0.0000    0.0000    0.9350
         3  -10.4862  -18.7332    0.0000    0.0000    0.9280
         3  -10.3591  -18.5782    0.0000    0.0000    0.9210
         3  -10.2319  -18.4231    0.0000    0.0000    0.9140
         3  -10.1048  -18.2681    0.0000    0.0000    0.9070
         3   -9.9776  -18.1131    0.0000    0.0000    0.9000
         3   -9.8504  -17.9581    0.0000    0.0000    0.8930
         3   -9.7232  -17.8032    0.0000    0.0000    0.8860
         3   -9.5959  -17.6482    0.0000    0.0000    0.8790
         3   -9.4686  -17.4933    0.0000    0.0000    0.8719
         3   -9.3413  -17.3385    0.0000    0.0000    0.8649
         3   -9.2139  -17.1837    0.0000    0.0000    0.8579
         3   -9.0864  -17.0289    0.0000    0.0000    0.8509
         3   -8.9588  -16.8743    0.0000    0.0000    0.8439
         3   -8.8312  -16.7196    0.0000    0.0000    0.8369
         3   -8.7035  -16.5651    0.0000    0.0000    0.8299
         3   -8.5756  -16.4106    0.0000    0.0000    0.8229
         3   -8.4477  -16.2563    0.0000    0.0000    0.8159
         3   -8.3197  -16.1020    0.0000    0.0000    0.8089
         3   -8.1915  -15.9478    0.0000    0.0000    0.8019
         3   -8.0633  -15.7937    0.0000    0.0000    0.7949
         3   -7.9349  -15.6397    0.0000    0.0000    0.7879
         3   -7.8065  -15.4857    0.0000    0.0000    0.7809
         3   -7.6779  -15.3319    0.0000    0.0000    0.7739
         3   -7.5493  -15.1781    0.0000    0.0000    0.7669
         3   -7.4205  -15.0244    0.0000    0.0000    0.7599
         3   -7.2917  -14.8708    0.0000    0.0000    0.7529
         3   -7.1627  -14.7173    0.0000    0.0000    0.7460
         3   -7.0336  -14.5639    0.0000    0.0000    0.7390
         3   -6.9045  -14.4105    0.0000    0.0000    0.7320
         3   -6.7752  -14.2572    0.0000    0.0000    0.7250
         3   -6.6459  -14.1041    0.0000    0.0000    0.7180
         3   -6.5165  -13.9509    0.0000    0.0000    0.7110
         3   -6.3869  -13.7979    0.0000    0.0000    0.7040
         3   -6.2573  -13.6450    0.0000    0.0000    0.6970
         3   -6.1275  -13.4921    0.0000    0.0000    0.6900
         3   -5.9977  -13.3394    0.0000    0.0000    0.6830
         3   -5.8677  -13.1867    0.0000    0.0000    0.6760
         3   -5.7376  -13.0341    0.0000    0.0000    0.6690
         3   -5.6074  -12.8817    0.0000    0.0000    0.6620
         3   -5.4771  -12.7293    0.0000    0.0000    0.6550
         3   -5.3467  -12.5770    0.0000    0.0000    0.6480
         3   -5.2161  -12.4249    0.0000    0.0000    0.6410
         3   -5.0854  -12.2728    0.0000    0.0000    0.6340
         3   -4.9547  -12.1209    0.0000    0.0000    0.6271
         3   -4.8237  -11.9690    0.0000    0.0000    0.6201
         3   -4.6927  -11.8173    0.0000    0.0000    0.6131
         3   -4.5616  -11.6656    0.0000    0.0000    0.6061
         3   -4.4303  -11.5140    0.0000    0.0000    0.5991
         3   -4.2990  -11.3626    0.0000    0.0000    0.5921
         3   -4.1675  -11.2112    0.0000    0.0000    0.5851
         3   -4.0360  -11.0599    0.0000    0.0000    0.5781
         3   -3.9043  -10.9087    0.0000    0.0000    0.5711
         3   -3.7725  -10.7576    0.0000    0.0000    0.5641
         3   -3.6407  -10.6066    0.0000    0.0000    0.5572
         3   -3.5087  -10.4557    0.0000    0.0000    0.5502
         3   -3.3766  -10.3048    0.0000    0.0000    0.5432
         3   -3.2444  -10.1541    0.0000    0.0000    0.5362
         3   -3.1121  -10.0034    0.0000    0.0000    0.5292
         3   -2.9797   -9.8528    0.0000    0.0000    0.5222
         3   -2.8473   -9.7023    0.0000    0.0000    0.5152
         3   -2.7147   -9.5519    0.0000    0.0000    0.5082
         3   -2.5821   -9.4016    0.0000    0.0000    0.5013
         3   -2.4493   -9.2513   -0.5732   -0.2096    1.0309
         3   -2.3164   -9.1012   -0.0564   -1.0470    1.8453
         3   -2.1835   -8.9511    0.7916    1.3724    0.2861
         3   -2.0505   -8.8011    0.0000    0.0000    0.2790
         3   -1.9174   -8.6511    0.0000    0.0000    0.2718
         3   -1.7842   -8.5013    0.0000    0.0000    0.2647
         3   -1.6509   -8.3516    0.0000    0.0000    0.2576
         3   -1.5174   -8.2019    0.0000    0.0000    0.2505
         3   -1.3839   -8.0524    0.0000    0.0000    0.2434
         3   -1.2502   -7.9030    0.0000    0.0000    0.2362
         3   -1.1165   -7.7536    0.0000    0.0000    0.2291
         3   -0.9826   -7.6043    0.0000    0.0000    0.2220
         3   -0.8486   -7.4552    0.0000    0.0000    0.2149
         3   -0.7146   -7.3061    0.0000    0.0000    0.2078
         3   -0.5804   -7.1571    0.0000    0.0000    0.2006
         3   -0.4462   -7.0082    0.0000    0.0000    0.1935
         3   -0.3118   -6.8593    0.0000    0.0000    0.1864
         3   -0.1774   -6.7106    0.0000    0.0000    0.1793
         3   -0.0428   -6.5620    0.0000    0.0000    0.1721
         3    0.0918   -6.4135    0.0000    0.0000    0.1650
         3    0.2266   -6.2650    0.0000    0.0000    0.1579
         3    0.3615   -6.1167    0.0000    0.0000    0.1508
         3    0.4965   -5.9684    0.0000    0.0000    0.1437
         3    0.6316   -5.8203    0.0000    0.0000    0.1365
         3    0.7667   -5.6722    0.0000    0.0000    0.1294
         3    0.9020   -5.5242    0.0000    0.0000    0.1223
         3    1.0374   -5.3763    0.0000    0.0000    0.1152
         3    1.1728   -5.2285    0.0000    0.0000    0.1081
         3    1.3083   -5.0807    0.0000    0.0000    0.1009
         3    1.4439   -4.9331    0.0000    0.0000    0.0938
         3    1.5796   -4.7854    0.0000    0.0000    0.0867
         3    1.7154   -4.6379    0.0000    0.0000    0.0796
         3    1.8512   -4.4905    0.0000    0.0000    0.0725
         3    1.9871   -4.3431    0.0000    0.0000    0.0653
         3    2.1231   -4.1957    0.0000    0.0000    0.0582
         3    2.2591   -4.0484    0.0000    0.0000    0.0511
         3    2.3952   -3.9012    0.0000    0.0000    0.0440
         3    2.5313   -3.7540    0.0000    0.0000    0.0369
         3    2.6675   -3.6068    0.0000    0.0000    0.0297
         3    2.8037   -3.4597    0.0000    0.0000    0.0226
         3    2.9399   -3.3125    0.0000    0.0000    0.0155
         3    3.0761   -3.1654    0.0000    0.0000    0.0084
         3    3.2123   -3.0184    0.0000    0.0000    0.0013
         3    3.3486   -2.8713    0.1128   -0.1125    0.0000
%   fiber f1:0004
         4   28.6516    1.0293    0.0000    0.0000   -0.0005
         4   28.4523    1.0055    0.0000    0.0000   -0.0010
         4   28.2530    0.9817    0.0000    0.0000   -0.0014
         4   28.0537    0.9580    0.0000    0.0000   -0.0019
         4   27.8543    0.9342    0.0000    0.0000   -0.0024
         4   27.6550    0.9105    0.0000    0.0000   -0.0029
         4   27.4557    0.8868    0.0000    0.0000   -0.0033
         4   27.2564    0.8631    0.0000    0.0000   -0.0038
         4   27.0571    0.8395    0.0000    0.0000   -0.0043
         4   26.8578    0.8158    0.0000    0.0000   -0.0048
         4   26.6584    0.7922    0.0000    0.0000   -0.0052
         4   26.4591    0.7686    0.0000    0.0000   -0.0057
         4   26.2598    0.7449    0.0000    0.0000   -0.0062
         4   26.0605    0.7214    0.0000    0.0000   -0.0067
         4   25.8611    0.6978    0.0000    0.0000   -0.0072
         4   25.6618    0.6742    0.0000    0.0000   -0.0076
         4   25.4625    0.6507    0.0000    0.0000   -0.0081
         4   25.2631    0.6271    0.0000    0.0000   -0.0086
         4   25.0638    0.6036    0.0000    0.0000   -0.0091
         4   24.8645    0.5801    0.0000    0.0000   -0.0095
         4   24.6651    0.5566    0.0000    0.0000   -0.0100
         4   24.4658    0.5332    0.0000    0.0000   -0.0105
         4   24.2665    0.5097    0.0000    0.0000   -0.0110
         4   24.0671    0.4861    0.0000    0.0000   -0.0115
         4   23.8678    0.4626    0.0000    0.0000   -0.0119
         4   23.6685    0.4391    0.0000    0.0000   -0.0124
         4   23.4691    0.4156    0.0000    0.0000   -0.0129
         4   23.2698    0.3920    0.0000    0.0000   -0.0134
         4   23.0705    0.3684    0.0000    0.0000   -0.0138
         4   22.8711    0.3448    0.0000    0.0000   -0.0143
         4   22.6718    0.3212    0.0000    0.0000   -0.0148
         4   22.4725    0.2976    0.0000    0.0000   -0.0153
         4   22.2732    0.2740    0.0000    0.0000   -0.0157
         4   22.0738    0.2503    0.0000    0.0000   -0.0162
         4   21.8745    0.2267    0.0000    0.0000   -0.0167
         4   21.6752    0.2030    0.0000    0.0000   -0.0172
         4   21.4759    0.1793    0.0000    0.0000   -0.0177
         4   21.2766    0.1556    0.0000    0.0000   -0.0181
         4   21.0773    0.1318    0.0000    0.0000   -0.0186
         4   20.8780    0.1080    0.0000    0.0000   -0.0191
         4   20.6787    0.0842    0.0000    0.0000   -0.0196
         4   20.4794    0.0603    0.0000    0.0000   -0.0200
         4   20.2801    0.0363    0.0000    0.0000   -0.0205
         4   20.0808    0.0123    0.0000    0.0000   -0.0210
         4   19.8816   -0.0118    0.0000    0.0000   -0.0215
         4   19.6823   -0.0359    0.0000    0.0000   -0.0220
         4   19.4831   -0.0602    0.0000    0.0000   -0.0224
         4   19.2838   -0.0845    0.0000    0.0000   -0.0229
         4   19.0846   -0.1089    0.0000    0.0000   -0.0234
         4   18.8854   -0.1335    0.0000    0.0000   -0.0239
         4   18.6862   -0.1582    0.0000    0.0000   -0.0243
         4   18.4870   -0.1830    0.0000    0.0000   -0.0248
         4   18.2879   -0.2080    0.0000    0.0000   -0.0253
         4   18.0887   -0.2331    0.0000    0.0000   -0.0258
         4   17.8896   -0.2583    0.0000    0.0000   -0.0263
         4   17.6905   -0.2837    0.0000    0.0000   -0.0267
         4   17.4914   -0.3093    0.0000    0.0000   -0.0272
         4   17.2923   -0.3350    0.0000    0.0000   -0.0277
         4   17.0933   -0.3609    0.0000    0.0000   -0.0282
         4   16.8943   -0.3870    0.0000    0.0000   -0.0286
         4   16.6953   -0.4132    0.0000    0.0000   -0.0291
         4   16.4963   -0.4396    0.0000    0.0000   -0.0296
         4   16.2974   -0.4661    0.0000    0.0000   -0.0301
         4   16.0984   -0.4928    0.0000    0.0000   -0.0305
         4   15.8995   -0.5197    0.0000    0.0000   -0.0310
         4   15.7006   -0.5467    0.0000    0.0000   -0.0315
         4   15.5017   -0.5738    0.0000    0.0000   -0.0320
         4   15.3029   -0.6012    0.0000    0.0000   -0.0325
         4   15.1041   -0.6286    0.0000    0.0000   -0.0329
         4   14.9053   -0.6563    0.0000    0.0000   -0.0334
         4   14.7065   -0.6841    0.0000    0.0000   -0.0339
         4   14.5077   -0.7120    0.0000    0.0000   -0.0344
         4   14.3090   -0.7402    0.0000    0.0000   -0.0348
         4   14.1103   -0.7685    0.0000    0.0000   -0.0353
         4   13.9116   -0.7971    0.0000    0.0000   -0.0358
         4   13.7129   -0.8258    0.0000    0.0000   -0.0363
         4   13.5143   -0.8547    0.0000    0.0000   -0.0368
         4   13.3157   -0.8838    0.0000    0.0000   -0.0372
         4   13.1171   -0.9130    0.0000    0.0000   -0.0377
         4   12.9186   -0.9424    0.0000    0.0000   -0.0382
         4   12.7201   -0.9720    0.0000    0.0000   -0.0387
         4   12.5216   -1.0018    0.0000    0.0000   -0.0391
         4   12.3231   -1.0317    0.0000    0.0000   -0.0396
         4   12.1247   -1.0619    0.0000    0.0000   -0.0401
         4   11.9262   -1.0922    0.0000    0.0000   -0.0406
         4   11.7279   -1.1227    0.0000    0.0000   -0.0411
         4   11.5295   -1.1534    0.0000    0.0000   -0.0415
         4   11.3312   -1.1843    0.0000    0.0000   -0.0420
         4   11.1329   -1.2155    0.0000    0.0000   -0.0425
         4   10.9346   -1.2468    0.0000    0.0000   -0.0430
         4   10.7364   -1.2783    0.0000    0.0000   -0.0435
         4   10.5382   -1.3101    0.0000    0.0000   -0.0439
         4   10.3401   -1.3421    0.0000    0.0000   -0.0444
         4   10.1419   -1.3743    0.0000    0.0000   -0.0449
         4    9.9439   -1.4067    0.0000    0.0000   -0.0454
         4    9.7458   -1.4394    0.0000    0.0000   -0.0458
         4    9.5478   -1.4724    0.0000    0.0000   -0.0463
         4    9.3499   -1.5055    0.0000    0.0000   -0.0468
         4    9.1520   -1.5390    0.0000    0.0000   -0.0473
         4    8.9541   -1.5727    0.0000    0.0000   -0.0478
         4    8.7563   -1.6066    0.0000    0.0000   -0.0482
         4    8.5585   -1.6407    0.0000    0.0000   -0.0487
         4    8.3607   -1.6751    0.0000    0.0000   -0.0492
         4    8.1630   -1.7097    0.0000    0.0000   -0.0497
         4    7.9654   -1.7446    0.0000    0.0000   -0.0502
         4    7.7677   -1.7797    0.0000    0.0000   -0.0506
         4    7.5701   -1.8150    0.0000    0.0000   -0.0511
         4    7.3726   -1.8505    0.0000    0.0000   -0.0516
         4    7.1751   -1.8862    0.0000    0.0000   -0.0521
         4    6.9776   -1.9222    0.0000    0.0000   -0.0526
         4    6.7802   -1.9583    0.0000    0.0000   -0.0530
         4    6.5828   -1.9946    0.0000    0.0000   -0.0535
         4    6.3854   -2.0312    0.0000    0.0000   -0.0540
         4    6.1881   -2.0679    0.0000    0.0000   -0.0545
         4    5.9908   -2.1049    0.0000    0.0000   -0.0550
         4    5.7935   -2.1420    0.0000    0.0000   -0.0554
         4    5.5963   -2.1793    0.0000    0.0000   -0.0559
         4    5.3991   -2.2168    0.0000    0.0000   -0.0564
         4    5.2020   -2.2545    0.0000    0.0000   -0.0569
         4    5.0048   -2.2922    0.0000    0.0000   -0.0574
         4    4.8077   -2.3301    0.0000    0.0000   -0.0578
         4    4.6106   -2.3681    0.0000    0.0000   -0.0583
         4    4.4136   -2.4062    0.0000    0.0000   -0.0588
         4    4.2165   -2.4443    0.0000    0.0000   -0.0593
         4    4.0194   -2.4825    0.0000    0.0000   -0.0598
         4    3.8224   -2.5207    0.0000    0.0000   -0.0602
         4    3.6254   -2.5589    0.0940   -0.1657    0.0000
%   fiber f1:0005
         5   26.2730  -14.2327    1.2849   -3.6898    3.8947
         5   26.2528  -14.1738   -1.2869    3.6630    0.0000
%   fiber f1:0006
         6    5.4522    9.0402    0.0000    0.0000    0.0000
         6    5.2788    9.0539    0.0000    0.0000    0.0000
         6    5.1055    9.0676    0.0000    0.0000    0.0000
         6    4.9321    9.0812    0.0000    0.0000    0.0000
%   fiber f1:0007
         7    4.7738   -6.6885    0.0000    0.0000    0.0043
         7    4.7235   -6.4946    0.0000    0.0000    0.0086
         7    4.6733   -6.3006    0.0000    0.0000    0.0129
         7    4.6230   -6.1067    0.0000    0.0000    0.0171
         7    4.5728   -5.9128    0.0000    0.0000    0.0214
         7    4.5226   -5.7188    0.0000    0.0000    0.0257
         7    4.4724   -5.5249    0.0000    0.0000    0.0300
         7    4.4222   -5.3309    0.0000    0.0000    0.0343
         7    4.3719   -5.1370    0.0000    0.0000    0.0386
         7    4.3217   -4.9430    0.0000    0.0000    0.0428
         7    4.2715   -4.7491    0.0000    0.0000    0.0471
         7    4.2213   -4.5551    0.0000    0.0000    0.0514
         7    4.1711   -4.3612    0.0000    0.0000    0.0557
         7    4.1209   -4.1672    0.0000    0.0000    0.0600
         7    4.0706   -3.9733    0.0000    0.0000    0.0643
         7    4.0204   -3.7793    0.0000    0.0000    0.0685
         7    3.9702   -3.5854    0.0000    0.0000    0.0728
         7    3.9199   -3.3914    0.0000    0.0000    0.0771
         7    3.8697   -3.1975    0.0000    0.0000    0.0814
         7    3.8195   -3.0035   -0.0158    0.0844    0.0000
%   fiber f1:0008
         8   21.2106  -10.8385    0.0000    0.0000    0.0031
         8   21.0275  -10.7602    0.0000    0.0000    0.0062
         8   20.8444  -10.6818    0.0000    0.0000    0.0094
         8   20.6614  -10.6034    0.0000    0.0000    0.0125
         8   20.4783  -10.5250    0.0000    0.0000    0.0156
         8   20.2952  -10.4466    0.0000    0.0000    0.0187
         8   20.1122  -10.3682    0.0000    0.0000    0.0218
         8   19.9291  -10.2898    0.0000    0.0000    0.0249
         8   19.7461  -10.2114    0.0000    0.0000    0.0281
         8   19.5631  -10.1329    0.0000    0.0000    0.0312
         8   19.3800  -10.0544    0.0000    0.0000    0.0343
         8   19.1970   -9.9759    0.0000    0.0000    0.0374
         8   19.0141   -9.8973    0.0000    0.0000    0.0405
         8   18.8311   -9.8187    0.0000    0.0000    0.0437
         8   18.6481   -9.7400    0.0000    0.0000    0.0468
         8   18.4652   -9.6613    0.0000    0.0000    0.0499
         8   18.2823   -9.5826    0.0000    0.0000    0.0530
         8   18.0994   -9.5038    0.0000    0.0000    0.0561
         8   17.9166   -9.4249    0.0000    0.0000    0.0593
         8   17.7337   -9.3460    0.0000    0.0000    0.0624
         8   17.5509   -9.2670    0.0000    0.0000    0.0655
         8   17.3682   -9.1879    0.0000    0.0000    0.0686
         8   17.1854   -9.1088    0.0000    0.0000    0.0717
         8   17.0028   -9.0295    0.0000    0.0000    0.0748
         8   16.8201   -8.9501    0.0000    0.0000    0.0780
         8   16.6375   -8.8707    0.0000    0.0000    0.0811
         8   16.4549   -8.7911    0.0000    0.0000    0.0842
         8   16.2724   -8.7115    0.0000    0.0000    0.0873
         8   16.0899   -8.6318    0.0000    0.0000    0.0904
         8   15.9075   -8.5520    0.0000    0.0000    0.0936
         8   15.7250   -8.4722    0.0000    0.0000    0.0967
         8   15.5427   -8.3922    0.0000    0.0000    0.0998
         8   15.3603   -8.3122    0.0000    0.0000    0.1029
         8   15.1780   -8.2321    0.0000    0.0000    0.1060
         8   14.9957   -8.1520    0.0000    0.0000    0.1091
         8   14.8134   -8.0717    0.0000    0.0000    0.1123
         8   14.6312   -7.9914    0.0000    0.0000    0.1154
         8   14.4491   -7.9109    0.0000    0.0000    0.1185
         8   14.2669   -7.8303    0.0000    0.0000    0.1216
         8   14.0849   -7.7497    0.0000    0.0000    0.1247
         8   13.9029   -7.6689    0.0000    0.0000    0.1279
         8   13.7209   -7.5880    0.0000    0.0000    0.1310
         8   13.5390   -7.5069    0.0000    0.0000    0.1341
         8   13.3571   -7.4258    0.0000    0.0000    0.1372
         8   13.1753   -7.3446    0.0000    0.0000    0.1403
         8   12.9935   -7.2632    0.0000    0.0000    0.1435
         8   12.8118   -7.1818    0.0000    0.0000    0.1466
         8   12.6301   -7.1002    0.0000    0.0000    0.1497
         8   12.4485   -7.0186    0.0000    0.0000    0.1528
         8   12.2669   -6.9368    0.0000    0.0000    0.1559
         8   12.0854   -6.8550    0.0000    0.0000    0.1591
         8   11.9039   -6.7730    0.0000    0.0000    0.1622
         8   11.7224   -6.6910    0.0000    0.0000    0.1653
         8   11.5410   -6.6088    0.0000    0.0000    0.1684
         8   11.3597   -6.5266    0.0000    0.0000    0.1715
         8   11.1784   -6.4442    0.0000    0.0000    0.1747
         8   10.9971   -6.3618    0.0000    0.0000    0.1778
         8   10.8159   -6.2793    0.0000    0.0000    0.1809
         8   10.6347   -6.1967    0.0000    0.0000    0.1840
         8   10.4535   -6.1140    0.0000    0.0000    0.1871
         8   10.2724   -6.0312    0.0000    0.0000    0.1903
         8   10.0913   -5.9484    0.0000    0.0000    0.1934
         8    9.9102   -5.8654    0.0000    0.0000    0.1965
         8    9.7292   -5.7824    0.0000    0.0000    0.1996
         8    9.5483   -5.6993    0.0000    0.0000    0.2027
         8    9.3673   -5.6161    0.0000    0.0000    0.2059
         8    9.1864   -5.5329    0.0000    0.0000    0.2090
         8    9.0055   -5.4496    0.0000    0.0000    0.2121
         8    8.8246   -5.3663    0.0000    0.0000    0.2152
         8    8.6438   -5.2829    0.0000    0.0000    0.2183
         8    8.4630   -5.1995    0.0000    0.0000    0.2215
         8    8.2822   -5.1160    0.0000    0.0000    0.2246
         8    8.1014   -5.0325    0.0000    0.0000    0.2277
         8    7.9206   -4.9490    0.0000    0.0000    0.2308
         8    7.7399   -4.8654    0.0000    0.0000    0.2339
         8    7.5591   -4.7818    0.0000    0.0000    0.2371
         8    7.3784   -4.6982    0.0000    0.0000    0.2402
         8    7.1977   -4.6145    0.0000    0.0000    0.2433
         8    7.0170   -4.5308    0.0000    0.0000    0.2464
         8    6.8363   -4.4470    0.0000    0.0000    0.2495
         8    6.6557   -4.3632    0.0000    0.0000    0.2527
         8    6.4751   -4.2793    0.0000    0.0000    0.2558
         8    6.2945   -4.1954    0.0000    0.0000    0.2589
         8    6.1139   -4.1115    0.0000    0.0000    0.2620
         8    5.9334   -4.0275    0.0000    0.0000    0.2651
         8    5.7528   -3.9434    0.0000    0.0000    0.2683
         8    5.5723   -3.8593    0.0000    0.0000    0.2714
         8    5.3918   -3.7751    0.0000    0.0000    0.2745
         8    5.2114   -3.6909    0.0000    0.0000    0.2776
         8    5.0309   -3.6067    0.0000    0.0000    0.2807
         8    4.8505   -3.5225    0.0000    0.0000    0.2839
         8    4.6700   -3.4382    0.0000    0.0000    0.2870
         8    4.4896   -3.3540    0.0000    0.0000    0.2901
         8    4.3092   -3.2697    0.0000    0.0000    0.2932
         8    4.1287   -3.1854    0.0000    0.0000    0.2963
         8    3.9483   -3.1011   -0.2658    0.1386    0.0000
%   fiber f1:0009
         9    3.3180   -2.5016   -0.1694    0.4956   -0.1272
         9    3.4859   -2.3888    0.2557   -0.5687   -0.0143
         9    3.6538   -2.2760    0.0000    0.0000   -0.0063
         9    3.8217   -2.1631    0.0000    0.0000    0.0017
         9    3.9895   -2.0502    0.0000    0.0000    0.0096
         9    4.1572   -1.9372    0.0000    0.0000    0.0176
         9    4.3250   -1.8241    0.0000    0.0000    0.0256
         9    4.4927   -1.7111    0.0000    0.0000    0.0336
         9    4.6604   -1.5980    0.0000    0.0000    0.0416
         9    4.8282   -1.4850    0.0000    0.0000    0.0496
         9    4.9959   -1.3720    0.0000    0.0000    0.0575
         9    5.1637   -1.2590    0.0000    0.0000    0.0655
         9    5.3315   -1.1461    0.6699   -0.4564   -0.2274
         9    5.4994   -1.0332   -2.4548    1.6284    0.9095
         9    5.6674   -0.9205    0.6749   -2.6254    1.8161
         9    5.8353   -0.8078    1.1566    1.5779   -0.0203
         9    6.0033   -0.6950    0.0000    0.0000   -0.0169
         9    6.1712   -0.5823    0.0000    0.0000   -0.0135
         9    6.3391   -0.4695    0.0000    0.0000   -0.0101
         9    6.5071   -0.3568    0.0000    0.0000   -0.0068
         9    6.6750   -0.2440    0.0000    0.0000   -0.0034
         9    6.8430   -0.1313    0.0000    0.0000    0.0000
%   fiber f1:0010
        10  -11.0293   27.8431    0.4747    0.4002    0.4899
        10  -11.0753   27.6488   -0.3485   -0.8445   -0.4211
        10  -11.1213   27.4544    0.0000    0.0000   -0.4300
        10  -11.1671   27.2601    0.0000    0.0000   -0.4390
        10  -11.2128   27.0656    0.0000    0.0000   -0.4480
        10  -11.2583   26.8712    0.0000    0.0000   -0.4570
        10  -11.3036   26.6767    0.0000    0.0000   -0.4659
        10  -11.3487   26.4821    0.0000    0.0000   -0.4749
        10  -11.3934   26.2874    0.0000    0.0000   -0.4839
        10  -11.4379   26.0927    0.0000    0.0000   -0.4929
        10  -11.4819   25.8979    0.0000    0.0000   -0.5019
        10  -11.5256   25.7031    0.0000    0.0000   -0.5108
        10  -11.5689   25.5081    0.0000    0.0000   -0.5198
        10  -11.6116   25.3130    0.0000    0.0000   -0.5288
        10  -11.6539   25.1178    0.0000    0.0000   -0.5378
        10  -11.6956   24.9225    0.0000    0.0000   -0.5468
        10  -11.7367   24.7270    0.0000    0.0000   -0.5558
        10  -11.7772   24.5315    0.0000    0.0000   -0.5648
        10  -11.8171   24.3358    0.0000    0.0000   -0.5738
        10  -11.8563   24.1399    0.0000    0.0000   -0.5829
        10  -11.8948   23.9440    0.0000    0.0000   -0.5919
        10  -11.9326   23.7479    0.0000    0.0000   -0.6009
        10  -11.9697   23.5516    0.0000    0.0000   -0.6100
        10  -12.0061   23.3552    0.0000    0.0000   -0.6190
        10  -12.0417   23.1587    0.0000    0.0000   -0.6281
        10  -12.0765   22.9620    0.0000    0.0000   -0.6372
        10  -12.1105   22.7652    1.3043    0.4667    0.0357
        10  -12.1436   22.5683   -2.0761    2.9266    2.5735
        10  -12.1757   22.3712    0.5284   -3.3300   -0.6454
        10  -12.2069   22.1739    0.1402   -0.0964   -0.7311
        10  -12.2372   21.9765    0.0000    0.0000   -0.7427
        10  -12.2666   21.7790    0.0000    0.0000   -0.7543
        10  -12.2950   21.5813    0.0000    0.0000   -0.7659
        10  -12.3225   21.3835    0.0000    0.0000   -0.7776
        10  -12.3490   21.1855    0.0000    0.0000   -0.7893
        10  -12.3744   20.9874    0.0000    0.0000   -0.8010
        10  -12.3988   20.7892    0.0000    0.0000   -0.8127
        10  -12.4220   20.5908    0.0000    0.0000   -0.8245
        10  -12.4442   20.3923    0.0000    0.0000   -0.8362
        10  -12.4652   20.1937    0.0000    0.0000   -0.8481
        10  -12.4850   19.9950    0.0000    0.0000   -0.8599
        10  -12.5037   19.7961    0.0000    0.0000   -0.8718
        10  -12.5212   19.5972    0.0000    0.0000   -0.8837
        10  -12.5375   19.3981    0.0000    0.0000   -0.8956
        10  -12.5526   19.1990    0.0000    0.0000   -0.9076
        10  -12.5665   18.9998    0.0000    0.0000   -0.9196
        10  -12.5791   18.8004    0.9054    0.8035   -0.0725
        10  -12.5904   18.6010    0.6161    2.5320    2.4838
        10  -12.6002   18.4016   -3.7350   -3.0477   -0.7471
        10  -12.6084   18.2020    2.1950   -0.2615   -0.9516
        10  -12.6152   18.0024    0.0000    0.0000   -0.9694
        10  -12.6206   17.8028    0.0000    0.0000   -0.9872
        10  -12.6246   17.6031    0.0000    0.0000   -1.0050
        10  -12.6272   17.4034    0.0000    0.0000   -1.0229
        10  -12.6284   17.2037    0.0000    0.0000   -1.0409
        10  -12.6282   17.0039    0.0000    0.0000   -1.0589
        10  -12.6265   16.8042    0.0000    0.0000   -1.0769
        10  -12.6232   16.6045    0.0000    0.0000   -1.0950
        10  -12.6184   16.4049    0.0000    0.0000   -1.1132
        10  -12.6121   16.2053    0.0000    0.0000   -1.1315
        10  -12.6042   16.0057    0.0000    0.0000   -1.1498
        10  -12.5946   15.8062    0.0000    0.0000   -1.1682
        10  -12.5834   15.6068    0.0000    0.0000   -1.1867
        10  -12.5706   15.4075    0.0000    0.0000   -1.2053
        10  -12.5560   15.2083    0.0000    0.0000   -1.2239
        10  -12.5398   15.0093    0.0000    0.0000   -1.2427
        10  -12.5218   14.8103    0.0000    0.0000   -1.2615
        10  -12.5020   14.6116    0.0000    0.0000   -1.2805
        10  -12.4805   14.4131    0.0000    0.0000   -1.2996
        10  -12.4571   14.2147    0.0000    0.0000   -1.3187
        10  -12.4318   14.0166    0.0000    0.0000   -1.3380
        10  -12.4047   13.8187    0.0000    0.0000   -1.3574
        10  -12.3756   13.6211    0.0000    0.0000   -1.3770
        10  -12.3445   13.4239    0.0000    0.0000   -1.3967
        10  -12.3114   13.2269    0.0000    0.0000   -1.4165
        10  -12.2763   13.0303    0.0000    0.0000   -1.4365
        10  -12.2391   12.8341    0.0000    0.0000   -1.4567
        10  -12.1998   12.6383    0.0000    0.0000   -1.4770
        10  -12.1584   12.4429    0.0000    0.0000   -1.4975
        10  -12.1148   12.2480    0.0000    0.0000   -1.5182
        10  -12.0690   12.0536    0.0000    0.0000   -1.5391
        10  -12.0210   11.8597    0.0000    0.0000   -1.5601
        10  -11.9708   11.6664    0.0000    0.0000   -1.5814
        10  -11.9184   11.4737    0.0000    0.0000   -1.6029
        10  -11.8637   11.2816    0.0000    0.0000   -1.6247
        10  -11.8068   11.0901    0.0000    0.0000   -1.6466
        10  -11.7477   10.8994    0.0000    0.0000   -1.6688
        10  -11.6863   10.7093    0.0000    0.0000   -1.6912
        10  -11.6227   10.5200    0.0000    0.0000   -1.7138
        10  -11.5569   10.3315    0.0000    0.0000   -1.7367
        10  -11.4888   10.1437    0.0000    0.0000   -1.7598
        10  -11.4185    9.9568    0.0000    0.0000   -1.7832
        10  -11.3460    9.7707    0.0000    0.0000   -1.8068
        10  -11.2713    9.5854    0.0000    0.0000   -1.8307
        10  -11.1944    9.4011    0.0000    0.0000   -1.8548
        10  -11.1153    9.2177    0.0000    0.0000   -1.8792
        10  -11.0340    9.0353    0.0000    0.0000   -1.9038
        10  -10.9506    8.8538    0.0000    0.0000   -1.9288
        10  -10.8650    8.6734    0.0000    0.0000   -1.9540
        10  -10.7774    8.4939    0.0000    0.0000   -1.9794
        10  -10.6876    8.3155    0.0000    0.0000   -2.0052
        10  -10.5957    8.1382    0.0000    0.0000   -2.0312
        10  -10.5018    7.9619    0.0000    0.0000   -2.0574
        10  -10.4058    7.7868    0.0000    0.0000   -2.0840
        10  -10.3079    7.6127    0.0000    0.0000   -2.1108
        10  -10.2079    7.4398    0.0000    0.0000   -2.1379
        10  -10.1060    7.2681    0.0000    0.0000   -2.1653
        10  -10.0022    7.0975    0.0000    0.0000   -2.1930
        10   -9.8964    6.9280    0.0000    0.0000   -2.2209
        10   -9.7888    6.7598    0.0000    0.0000   -2.2491
        10   -9.6793    6.5928    0.0000    0.0000   -2.2776
        10   -9.5680    6.4269    0.0000    0.0000   -2.3063
        10   -9.4549    6.2623    0.0000    0.0000   -2.3353
        10   -9.3401    6.0989    0.0000    0.0000   -2.3646
        10   -9.2235    5.9367    0.0000    0.0000   -2.3941
        10   -9.1053    5.7758    0.0000    0.0000   -2.4239
        10   -8.9854    5.6161    0.0000    0.0000   -2.4540
        10   -8.8638    5.4576    0.0000    0.0000   -2.4843
        10   -8.7406    5.3004    0.0000    0.0000   -2.5149
        10   -8.6158    5.1445    0.0000    0.0000   -2.5457
        10   -8.4895    4.9898    0.0000    0.0000   -2.5768
        10   -8.3616    4.8364    0.0000    0.0000   -2.6081
        10   -8.2322    4.6843    0.0000    0.0000   -2.6397
        10   -8.1013    4.5334    0.0000    0.0000   -2.6716
        10   -7.9689    4.3839    0.0000    0.0000   -2.7037
        10   -7.8351    4.2356    0.0000    0.0000   -2.7361
        10   -7.6999    4.0887    0.0000    0.0000   -2.7687
        10   -7.5632    3.9430    0.0000    0.0000   -2.8016
        10   -7.4252    3.7986    0.0000    0.0000   -2.8347
        10   -7.2858    3.6556    0.0000    0.0000   -2.8681
        10   -7.1451    3.5138    0.0000    0.0000   -2.9017
        10   -7.0031    3.3734    0.0000    0.0000   -2.9356
        10   -6.8598    3.2344    0.0000    0.0000   -2.9697
        10   -6.7151    3.0966    0.0000    0.0000   -3.0041
        10   -6.5693    2.9602    0.0000    0.0000   -3.0387
        10   -6.4221    2.8252    0.0000    0.0000   -3.0736
        10   -6.2738    2.6915    0.0000    0.0000   -3.1088
        10   -6.1242    2.5591    0.0000    0.0000   -3.1442
        10   -5.9735    2.4281    0.0000    0.0000   -3.1798
        10   -5.8216    2.2984    0.0000    0.0000   -3.2157
        10   -5.6686    2.1700    0.0000    0.0000   -3.2518
        10   -5.5145    2.0429    0.0000    0.0000   -3.2882
        10   -5.3594    1.9171    0.0000    0.0000   -3.3247
        10   -5.2033    1.7926    0.0000    0.0000   -3.3615
        10   -5.0461    1.6693    0.0000    0.0000   -3.3985
        10   -4.8880    1.5473    0.0000    0.0000   -3.4357
        10   -4.7290    1.4265    0.0000    0.0000   -3.4731
        10   -4.5691    1.3069    0.0000    0.0000   -3.5107
        10   -4.4082    1.1885    0.0000    0.0000   -3.5485
        10   -4.2465    1.0712    0.0000    0.0000   -3.5865
        10   -4.0840    0.9551    0.0000    0.0000   -3.6247
        10   -3.9207    0.8402    0.0000    0.0000   -3.6630
        10   -3.7565    0.7265    0.0000    0.0000   -3.7015
        10   -3.5916    0.6138    0.0000    0.0000   -3.7402
        10   -3.4259    0.5023    0.0000    0.0000   -3.7791
        10   -3.2595    0.3919    0.0000    0.0000   -3.8181
        10   -3.0924    0.2825    0.0000    0.0000   -3.8573
        10   -2.9246    0.1742    0.0000    0.0000   -3.8966
        10   -2.7561    0.0670    0.0000    0.0000   -3.9361
        10   -2.5869   -0.0391    0.0000    0.0000   -3.9757
        10   -2.4171   -0.1443    0.0000    0.0000   -4.0155
        10   -2.2467   -0.2484    0.0000    0.0000   -4.0554
        10   -2.0756   -0.3515    0.0000    0.0000   -4.0954
        10   -1.9040   -0.4537    0.0000    0.0000   -4.1356
        10   -1.7318   -0.5548    0.0000    0.0000   -4.1760
        10   -1.5590   -0.6550    0.0000    0.0000   -4.2164
        10   -1.3857   -0.7543    0.0000    0.0000   -4.2570
        10   -1.2119   -0.8526    0.0000    0.0000   -4.2976
        10   -1.0376   -0.9501    0.0000    0.0000   -4.3384
        10   -0.8627   -1.0466    0.0000    0.0000   -4.3793
        10   -0.6874   -1.1423    0.0000    0.0000   -4.4203
        10   -0.5117   -1.2372    0.0000    0.0000   -4.4614
        10   -0.3355   -1.3312    0.0000    0.0000   -4.5026
        10   -0.1589   -1.4244    0.0000    0.0000   -4.5439
        10    0.0182   -1.5169    0.0000    0.0000   -4.5853
        10    0.1956   -1.6086    0.0000    0.0000   -4.6268
        10    0.3734   -1.6995    0.0000    0.0000   -4.6683
        10    0.5516   -1.7897    0.0000    0.0000   -4.7099
        10    0.7302   -1.8792    0.0000    0.0000   -4.7516
        10    0.9091   -1.9680    0.0000    0.0000   -4.7934
        10    1.0883   -2.0561    0.0000    0.0000   -4.8352
        10    1.2679   -2.1435    0.0000    0.0000   -4.8771
        10    1.4477   -2.2303    0.0000    0.0000   -4.9191
        10    1.6279   -2.3165    0.0000    0.0000   -4.9611
        10    1.8083   -2.4021    0.0000    0.0000   -5.0031
        10    1.9891   -2.4871    0.0000    0.0000   -5.0452
        10    2.1700   -2.5716    0.0000    0.0000   -5.0874
        10    2.3513   -2.6555    0.0000    0.0000   -5.1296
        10    2.5327   -2.7390    0.0000    0.0000   -5.1718
        10    2.7143   -2.8220    0.0000    0.0000   -5.2141
        10    2.8962   -2.9046    0.0000    0.0000   -5.2563
        10    3.0782   -2.9869    0.0000    0.0000   -5.2986
        10    3.2603   -3.0687   -0.4353    0.0201   -4.9357
        10    3.4426   -3.1503   -2.5791    0.1191   -2.5754
        10    3.6250   -3.2317   -1.7737    2.4528    0.0000
%   fiber f1:0011
        11    3.4834   -2.6498    0.0000    0.0000    0.1310
        11    3.5076   -2.6178    0.1616    0.2063    0.0000
%   fiber f1:0012
        12   10.1889   -1.6960    0.0000    0.0000   -0.0000
        12   10.1443   -1.7066    0.0000    0.0000    0.0000
%   fiber f1:0013
        13  -17.4157    6.7071    0.0000    0.0000    0.0011
        13  -17.2335    6.6252    0.0000    0.0000    0.0023
        13  -17.0512    6.5433    0.0000    0.0000    0.0034
        13  -16.8689    6.4614    0.0000    0.0000    0.0045
        13  -16.6866    6.3795    0.0000    0.0000    0.0056
        13  -16.5044    6.2975    0.0000    0.0000    0.0068
        13  -16.3221    6.2156    0.0000    0.0000    0.0079
        13  -16.1398    6.1337    0.0000    0.0000    0.0090
        13  -15.9575    6.0518    0.0000    0.0000    0.0102
        13  -15.7752    5.9699    0.0000    0.0000    0.0113
        13  -15.5930    5.8881    0.0000    0.0000    0.0124
        13  -15.4106    5.8062    0.0000    0.0000    0.0136
        13  -15.2283    5.7244    0.0000    0.0000    0.0147
        13  -15.0460    5.6426    0.0000    0.0000    0.0158
        13  -14.8637    5.5609    0.0000    0.0000    0.0169
        13  -14.6813    5.4791    0.0000    0.0000    0.0181
        13  -14.4989    5.3974    0.0000    0.0000    0.0192
        13  -14.3166    5.3157    0.0000    0.0000    0.0203
        13  -14.1342    5.2340    0.0000    0.0000    0.0215
        13  -13.9518    5.1523    0.0000    0.0000    0.0226
        13  -13.7694    5.0707    0.0000    0.0000    0.0237
        13  -13.5870    4.9890    0.0000    0.0000    0.0249
        13  -13.4046    4.9074    0.0000    0.0000    0.0260
        13  -13.2222    4.8257    0.0000    0.0000    0.0271
        13  -13.0398    4.7441    0.0000    0.0000    0.0282
        13  -12.8574    4.6625    0.0000    0.0000    0.0294
        13  -12.6750    4.5809    0.0000    0.0000    0.0305
        13  -12.4926    4.4993    0.0000    0.0000    0.0316
        13  -12.3102    4.4178    0.0000    0.0000    0.0328
        13  -12.1277    4.3363    0.0000    0.0000    0.0339
        13  -11.9452    4.2548    0.0000    0.0000    0.0350
        13  -11.7628    4.1733    0.0000    0.0000    0.0361
        13  -11.5803    4.0918    0.0000    0.0000    0.0373
        13  -11.3978    4.0104    0.0000    0.0000    0.0384
        13  -11.2154    3.9289    0.0000    0.0000    0.0395
        13  -11.0329    3.8474    0.0000    0.0000    0.0407
        13  -10.8504    3.7660    0.0000    0.0000    0.0418
        13  -10.6679    3.6845    0.0000    0.0000    0.0429
        13  -10.4854    3.6031    0.0000    0.0000    0.0441
        13  -10.3029    3.5217    0.0000    0.0000    0.0452
        13  -10.1204    3.4403    0.0000    0.0000    0.0463
        13   -9.9379    3.3589    0.0000    0.0000    0.0474
        13   -9.7554    3.2775    0.0000    0.0000    0.0486
        13   -9.5729    3.1962    0.0000    0.0000    0.0497
        13   -9.3904    3.1148    0.0000    0.0000    0.0508
        13   -9.2078    3.0335    0.0000    0.0000    0.0520
        13   -9.0253    2.9521    0.0000    0.0000    0.0531
        13   -8.8428    2.8707    0.0000    0.0000    0.0542
        13   -8.6603    2.7894    0.0000    0.0000    0.0554
        13   -8.4778    2.7080    0.0000    0.0000    0.0565
        13   -8.2953    2.6265    0.0000    0.0000    0.0576
        13   -8.1128    2.5450    0.0000    0.0000    0.0587
        13   -7.9304    2.4635    0.0000    0.0000    0.0599
        13   -7.7480    2.3819    0.0000    0.0000    0.0610
        13   -7.5656    2.3002    0.0000    0.0000    0.0621
        13   -7.3833    2.2184    0.0000    0.0000    0.0633
        13   -7.2009    2.1366    0.0000    0.0000    0.0644
        13   -7.0186    2.0548    0.0000    0.0000    0.0655
        13   -6.8364    1.9729    0.0000    0.0000    0.0666
        13   -6.6541    1.8909    0.0000    0.0000    0.0678
        13   -6.4719    1.8089    0.0000    0.0000    0.0689
        13   -6.2897    1.7268    0.0000    0.0000    0.0700
        13   -6.1075    1.6446    0.0000    0.0000    0.0712
        13   -5.9254    1.5624    0.0000    0.0000    0.0723
        13   -5.7433    1.4801    0.0000    0.0000    0.0734
        13   -5.5612    1.3978    0.0000    0.0000    0.0746
        13   -5.3792    1.3154    0.0000    0.0000    0.0757
        13   -5.1972    1.2329    0.0000    0.0000    0.0768
        13   -5.0152    1.1503    0.0000    0.0000    0.0779
        13   -4.8332    1.0677    0.0000    0.0000    0.0791
        13   -4.6513    0.9850    0.0000    0.0000    0.0802
        13   -4.4694    0.9022    0.0000    0.0000    0.0813
        13   -4.2876    0.8194    0.0000    0.0000    0.0825
        13   -4.1057    0.7365    0.0000    0.0000    0.0836
        13   -3.9239    0.6536    0.0000    0.0000    0.0847
        13   -3.7421    0.5706    0.0000    0.0000    0.0859
        13   -3.5603    0.4876    0.0000    0.0000    0.0870
        13   -3.3786    0.4045    0.0000    0.0000    0.0881
        13   -3.1969    0.3214    0.0000    0.0000    0.0892
        13   -3.0152    0.2382    0.0000    0.0000    0.0904
        13   -2.8335    0.1550    0.0000    0.0000    0.0915
        13   -2.6519    0.0717    0.0000    0.0000    0.0926
        13   -2.4703   -0.0117    0.0000    0.0000    0.0938
        13   -2.2887   -0.0952    0.0000    0.0000    0.0949
        13   -2.1071   -0.1787    0.0000    0.0000    0.0960
        13   -1.9256   -0.2623    0.0000    0.0000    0.0972
        13   -1.7442   -0.3460    0.0000    0.0000    0.0983
        13   -1.5628   -0.4298    0.0000    0.0000    0.0994
        13   -1.3814   -0.5136    0.0000    0.0000    0.1005
        13   -1.2000   -0.5976    0.0000    0.0000    0.1017
        13   -1.0187   -0.6816    0.0000    0.0000    0.1028
        13   -0.8375   -0.7658    0.0000    0.0000    0.1039
        13   -0.6563   -0.8500    0.0000    0.0000    0.1051
        13   -0.4751   -0.9343    0.0000    0.0000    0.1062
        13   -0.2940   -1.0188    0.0000    0.0000    0.1073
        13   -0.1129   -1.1033    0.0000    0.0000    0.1085
        13    0.0681   -1.1879    0.0000    0.0000    0.1096
        13    0.2491   -1.2726    0.0000    0.0000    0.1107
        13    0.4301   -1.3574    0.0000    0.0000    0.1118
        13    0.6110   -1.4423    0.0000    0.0000    0.1130
        13    0.7919   -1.5273    0.0000    0.0000    0.1141
        13    0.9727   -1.6123    0.0000    0.0000    0.1152
        13    1.1535   -1.6974    0.0000    0.0000    0.1164
        13    1.3343   -1.7826    0.0000    0.0000    0.1175
        13    1.5150   -1.8679    0.0000    0.0000    0.1186
        13    1.6957   -1.9532    0.0000    0.0000    0.1198
        13    1.8764   -2.0386    0.0000    0.0000    0.1209
        13    2.0570   -2.1240    0.0000    0.0000    0.1220
        13    2.2377   -2.2095    0.0000    0.0000    0.1231
        13    2.4183   -2.2950    0.0000    0.0000    0.1243
        13    2.5989   -2.3806    0.0000    0.0000    0.1254
        13    2.7794   -2.4662    0.0000    0.0000    0.1265
        13    2.9599   -2.5519    0.0000    0.0000    0.1277
        13    3.1405   -2.6376    0.0000    0.0000    0.1288
        13    3.3210   -2.7234    0.0000    0.0000    0.1299
        13    3.5014   -2.8092    0.0000    0.0000    0.1311
        13    3.6819   -2.8950    0.0000    0.0000    0.1322
        13    3.8624   -2.9808    0.1166   -0.0652    0.0000
%   fiber f1:0014
        14    3.8794   -3.1920    0.0000    0.0000    0.1079
        14    3.9283   -3.3250    0.1396   -0.1785    0.0000
%   fiber f1:0015
        15  -11.0404   27.8671   -0.0428   -0.0519    0.0722
        15  -11.0262   27.8812    0.0531    0.0564    0.0000
%   fiber f1:0016
        16  -10.9527   27.5846    0.0000    0.0000    0.0018
        16  -10.9783   27.5795   -0.0064    0.0139    0.0000
%   fiber f1:0017
        17  -18.2562    3.6976   -0.2437   -0.0102    0.2355
        17  -18.0633    3.6457    0.1679    0.0460    0.0882
        17  -17.8705    3.5938    0.2687   -0.5237   -0.3046
        17  -17.6777    3.5418   -0.1613    0.6961    0.0350
        17  -17.4849    3.4898   -0.2679    0.0333    0.3049
        17  -17.2921    3.4377   -0.0393   -0.1797    0.2986
        17  -17.0993    3.3856    0.0000    0.0000    0.3012
        17  -16.9065    3.3335    0.0000    0.0000    0.3038
        17  -16.7137    3.2813    0.0000    0.0000    0.3064
        17  -16.5210    3.2290    0.0000    0.0000    0.3090
        17  -16.3283    3.1767    0.0000    0.0000    0.3116
        17  -16.1355    3.1244    0.0000    0.0000    0.3141
        17  -15.9429    3.0719    0.0000    0.0000    0.3167
        17  -15.7502    3.0193    0.0000    0.0000    0.3193
        17  -15.5576    2.9667    0.0000    0.0000    0.3219
        17  -15.3649    2.9139    0.0000    0.0000    0.3245
        17  -15.1724    2.8610    0.0000    0.0000    0.3271
        17  -14.9798    2.8080    0.0000    0.0000    0.3297
        17  -14.7873    2.7548    0.0000    0.0000    0.3323
        17  -14.5949    2.7015    0.0000    0.0000    0.3349
        17  -14.4025    2.6481    0.0000    0.0000    0.3375
        17  -14.2101    2.5945    0.0000    0.0000    0.3401
        17  -14.0178    2.5407    0.0000    0.0000    0.3427
        17  -13.8255    2.4868    0.0000    0.0000    0.3453
        17  -13.6332    2.4328    0.0000    0.0000    0.3479
        17  -13.4410    2.3786    0.0000    0.0000    0.3505
        17  -13.2488    2.3243    0.0000    0.0000    0.3531
        17  -13.0567    2.2699    0.0000    0.0000    0.3557
        17  -12.8645    2.2154    0.0000    0.0000    0.3583
        17  -12.6725    2.1607    0.0000    0.0000    0.3609
        17  -12.4804    2.1060    0.0000    0.0000    0.3635
        17  -12.2884    2.0511    0.0000    0.0000    0.3661
        17  -12.0964    1.9962    0.0000    0.0000    0.3687
        17  -11.9044    1.9412    0.0000    0.0000    0.3713
        17  -11.7124    1.8862    0.0000    0.0000    0.3739
        17  -11.5205    1.8311    0.0000    0.0000    0.3765
        17  -11.3285    1.7759    0.0000    0.0000    0.3791
        17  -11.1366    1.7208    0.0000    0.0000    0.3817
        17  -10.9447    1.6656    0.0000    0.0000    0.3843
        17  -10.7527    1.6104    0.0000    0.0000    0.3869
        17  -10.5608    1.5552    0.0000    0.0000    0.3895
        17  -10.3689    1.5000    0.0000    0.0000    0.3921
        17  -10.1770    1.4447    0.0000    0.0000    0.3947
        17   -9.9851    1.3895    0.0000    0.0000    0.3973
        17   -9.7932    1.3342    0.0000    0.0000    0.3998
        17   -9.6013    1.2789    0.0000    0.0000    0.4024
        17   -9.4094    1.2236    0.0000    0.0000    0.4050
        17   -9.2175    1.1682    0.0000    0.0000    0.4076
        17   -9.0256    1.1128    0.0000    0.0000    0.4102
        17   -8.8338    1.0573    0.0000    0.0000    0.4128
        17   -8.6420    1.0017    0.0000    0.0000    0.4154
        17   -8.4502    0.9461    0.0000    0.0000    0.4180
        17   -8.2584    0.8903    0.0000    0.0000    0.4206
        17   -8.0667    0.8345    0.0000    0.0000    0.4232
        17   -7.8750    0.7786    0.0000    0.0000    0.4258
        17   -7.6833    0.7226    0.0000    0.0000    0.4284
        17   -7.4916    0.6665    0.0000    0.0000    0.4310
        17   -7.3000    0.6103    0.0000    0.0000    0.4336
        17   -7.1084    0.5540    0.0000    0.0000    0.4362
        17   -6.9168    0.4976    0.0000    0.0000    0.4388
        17   -6.7253    0.4410    0.0000    0.0000    0.4414
        17   -6.5338    0.3844    0.0000    0.0000    0.4440
        17   -6.3423    0.3276    0.0000    0.0000    0.4466
        17   -6.1509    0.2707    0.0000    0.0000    0.4492
        17   -5.9595    0.2137    0.0000    0.0000    0.4518
        17   -5.7681    0.1565    0.0000    0.0000    0.4544
        17   -5.5768    0.0992    0.0000    0.0000    0.4570
        17   -5.3856    0.0418    0.0000    0.0000    0.4596
        17   -5.1943   -0.0158    0.0000    0.0000    0.4622
        17   -5.0032   -0.0735    0.0000    0.0000    0.4648
        17   -4.8120   -0.1314    0.0000    0.0000    0.4674
        17   -4.6209   -0.1894    0.0000    0.0000    0.4700
        17   -4.4299   -0.2475    0.0000    0.0000    0.4726
        17   -4.2389   -0.3058    0.0000    0.0000    0.4752
        17   -4.0479   -0.3642    0.0000    0.0000    0.4778
        17   -3.8570   -0.4228    0.0000    0.0000    0.4804
        17   -3.6661   -0.4815    0.0000    0.0000    0.4830
        17   -3.4752   -0.5403    0.0000    0.0000    0.4856
        17   -3.2845   -0.5993    0.0000    0.0000    0.4883
        17   -3.0937   -0.6584   -1.0612   -0.1034    1.4738
        17   -2.9030   -0.7177    0.0426    1.0795    1.7566
        17   -2.7124   -0.7772    1.1591   -1.1004    0.3240
        17   -2.5218   -0.8369    0.0579    0.1302    0.3098
        17   -2.3312   -0.8967    0.0000    0.0000    0.3119
        17   -2.1407   -0.9566    0.0000    0.0000    0.3140
        17   -1.9503   -1.0166    0.0000    0.0000    0.3161
        17   -1.7598   -1.0767    0.0000    0.0000    0.3182
        17   -1.5694   -1.1370    0.0000    0.0000    0.3203
        17   -1.3790   -1.1973    0.0000    0.0000    0.3224
        17   -1.1887   -1.2577    0.0000    0.0000    0.3245
        17   -0.9984   -1.3181    0.0000    0.0000    0.3265
        17   -0.8080   -1.3786    0.0000    0.0000    0.3286
        17   -0.6177   -1.4391    0.0000    0.0000    0.3307
        17   -0.4274   -1.4997    0.0000    0.0000    0.3328
        17   -0.2371   -1.5603    0.0000    0.0000    0.3349
        17   -0.0469   -1.6209    0.0000    0.0000    0.3370
        17    0.1434   -1.6816    0.0000    0.0000    0.3391
        17    0.3337   -1.7423    0.0000    0.0000    0.3412
        17    0.5239   -1.8030    0.0000    0.0000    0.3433
        17    0.7142   -1.8638    0.0000    0.0000    0.3454
        17    0.9044   -1.9246    0.0000    0.0000    0.3475
        17    1.0946   -1.9854    0.0000    0.0000    0.3496
        17    1.2848   -2.0462    0.0000    0.0000    0.3516
        17    1.4750   -2.1071    0.0000    0.0000    0.3537
        17    1.6652   -2.1680    0.0000    0.0000    0.3558
        17    1.8554   -2.2289    0.0000    0.0000    0.3579
        17    2.0456   -2.2898    0.0000    0.0000    0.3600
        17    2.2358   -2.3508    0.0000    0.0000    0.3621
        17    2.4259   -2.4117    0.0000    0.0000    0.3642
        17    2.6161   -2.4727    0.0000    0.0000    0.3663
        17    2.8063   -2.5337    0.0000    0.0000    0.3684
        17    2.9964   -2.5947    0.0000    0.0000    0.3705
        17    3.1866   -2.6557    0.0000    0.0000    0.3726
        17    3.3767   -2.7168    0.0000    0.0000    0.3747
        17    3.5668   -2.7779    0.0000    0.0000    0.3768
        17    3.7570   -2.8390    0.3389   -0.1836    0.0000
%   fiber f1:0018
        18  -18.3109    3.6858   -0.0002   -0.0004    0.0008
        18  -18.2731    3.6573   -0.0026   -0.0063    0.0000
%   fiber f1:0019
        19    7.3313   -4.0863    0.0000    0.0000    0.0000
        19    7.2564   -3.9376    0.0000    0.0000    0.0000
        19    7.1814   -3.7889    0.0000    0.0000    0.0000
%   fiber f1:0020
        20    9.3363    1.5957    0.0000    0.0000    0.0073
        20    9.1367    1.5881    0.0000    0.0000    0.0146
        20    8.9372    1.5805    0.0000    0.0000    0.0220
        20    8.7376    1.5728    0.0000    0.0000    0.0293
        20    8.5381    1.5652    0.0000    0.0000    0.0366
        20    8.3385    1.5575    0.0000    0.0000    0.0439
        20    8.1389    1.5498    0.0000    0.0000    0.0512
        20    7.9394    1.5421    0.0000    0.0000    0.0586
        20    7.7398    1.5344    0.0000    0.0000    0.0659
        20    7.5403    1.5267    0.0000    0.0000    0.0732
        20    7.3407    1.5189    0.0000    0.0000    0.0805
        20    7.1412    1.5111    0.0000    0.0000    0.0878
        20    6.9416    1.5034    0.0000    0.0000    0.0952
        20    6.7420    1.4956    0.0000    0.0000    0.1025
        20    6.5425    1.4878    0.0000    0.0000    0.1098
        20    6.3429    1.4800    0.0000    0.0000    0.1171
        20    6.1434    1.4722    0.0000    0.0000    0.1244
        20    5.9438    1.4645    0.0000    0.0000    0.1317
        20    5.7443    1.4567    0.0000    0.0000    0.1391
        20    5.5447    1.4490    0.0000    0.0000    0.1464
        20    5.3451    1.4413    0.0000    0.0000    0.1537
        20    5.1456    1.4337    0.0000    0.0000    0.1610
        20    4.9460    1.4261    0.0000    0.0000    0.1683
        20    4.7464    1.4186    0.0000    0.0000    0.1757
        20    4.5469    1.4112    0.0000    0.0000    0.1830
        20    4.3473    1.4038    0.0000    0.0000    0.1903
        20    4.1477    1.3965    0.0000    0.0000    0.1976
        20    3.9481    1.3892    0.0000    0.0000    0.2049
        20    3.7486    1.3821    0.0000    0.0000    0.2123
        20    3.5490    1.3750    0.0000    0.0000    0.2196
        20    3.3494    1.3680    0.0000    0.0000    0.2269
        20    3.1498    1.3611    0.0000    0.0000    0.2342
        20    2.9502    1.3542    0.0000    0.0000    0.2415
        20    2.7506    1.3475    0.0000    0.0000    0.2489
        20    2.5510    1.3410    0.0000    0.0000    0.2562
        20    2.3514    1.3345    0.0000    0.0000    0.2635
        20    2.1518    1.3282    0.0000    0.0000    0.2708
        20    1.9522    1.3220    0.0000    0.0000    0.2781
        20    1.7526    1.3159    0.0000    0.0000    0.2855
        20    1.5530    1.3100    0.0000    0.0000    0.2928
        20    1.3533    1.3042    0.0000    0.0000    0.3001
        20    1.1537    1.2986    0.0000    0.0000    0.3074
        20    0.9541    1.2931    0.0000    0.0000    0.3147
        20    0.7544    1.2879    0.0000    0.0000    0.3221
        20    0.5548    1.2828    0.0000    0.0000    0.3294
        20    0.3552    1.2779    0.0000    0.0000    0.3367
        20    0.1555    1.2732    0.0000    0.0000    0.3440
        20   -0.0442    1.2687    0.0000    0.0000    0.3514
        20   -0.2438    1.2644    0.0000    0.0000    0.3587
        20   -0.4435    1.2603    0.0000    0.0000    0.3660
        20   -0.6432    1.2565    0.0000    0.0000    0.3733
        20   -0.8428    1.2529    0.0000    0.0000    0.3807
        20   -1.0425    1.2495    0.0000    0.0000    0.3880
        20   -1.2422    1.2465    0.0000    0.0000    0.3953
        20   -1.4419    1.2437    0.0000    0.0000    0.4026
        20   -1.6416    1.2411    1.5630   -0.8011    1.9627
        20   -1.8413    1.2389    1.0641    1.6106    3.0513
        20   -2.0410    1.2368   -2.9930   -0.8849    0.0572
        20   -2.2407    1.2350    0.6053   -0.3493    0.6661
        20   -2.4404    1.2335    0.2872    1.1853    0.9686
        20   -2.6401    1.2323   -1.0063   -1.4458   -0.0387
        20   -2.8398    1.2314   -0.2300    0.4749   -0.2610
        20   -3.0395    1.2308    0.0000    0.0000   -0.2548
        20   -3.2392    1.2305    0.0000    0.0000   -0.2486
        20   -3.4389    1.2304    0.0000    0.0000   -0.2424
        20   -3.6386    1.2306    0.0000    0.0000   -0.2362
        20   -3.8383    1.2310    0.0000    0.0000   -0.2300
        20   -4.0380    1.2317    0.0000    0.0000   -0.2237
        20   -4.2377    1.2327    0.0000    0.0000   -0.2175
        20   -4.4374    1.2338    0.0000    0.0000   -0.2113
        20   -4.6371    1.2352    0.0000    0.0000   -0.2051
        20   -4.8368    1.2368    0.0000    0.0000   -0.1989
        20   -5.0365    1.2386    0.0000    0.0000   -0.1927
        20   -5.2362    1.2406    0.0000    0.0000   -0.1864
        20   -5.4359    1.2428    0.0000    0.0000   -0.1802
        20   -5.6356    1.2452    0.0000    0.0000   -0.1740
        20   -5.8353    1.2478    0.0000    0.0000   -0.1678
        20   -6.0350    1.2506    0.0000    0.0000   -0.1616
        20   -6.2347    1.2536    0.0000    0.0000   -0.1554
        20   -6.4344    1.2568    0.0000    0.0000   -0.1491
        20   -6.6341    1.2602    0.0000    0.0000   -0.1429
        20   -6.8337    1.2638    0.0000    0.0000   -0.1367
        20   -7.0334    1.2675    0.0000    0.0000   -0.1305
        20   -7.2331    1.2714    0.0000    0.0000   -0.1243
        20   -7.4327    1.2755    0.0000    0.0000   -0.1181
        20   -7.6324    1.2797    0.0000    0.0000   -0.1119
        20   -7.8321    1.2841    0.0000    0.0000   -0.1056
        20   -8.0317    1.2887    0.0000    0.0000   -0.0994
        20   -8.2314    1.2934    0.0000    0.0000   -0.0932
        20   -8.4310    1.2983    0.0000    0.0000   -0.0870
        20   -8.6307    1.3033    0.0000    0.0000   -0.0808
        20   -8.8303    1.3084    0.0000    0.0000   -0.0746
        20   -9.0299    1.3137    0.0000    0.0000   -0.0684
        20   -9.2296    1.3192    0.0000    0.0000   -0.0621
        20   -9.4292    1.3247    0.0000    0.0000   -0.0559
        20   -9.6288    1.3304    0.0000    0.0000   -0.0497
        20   -9.8285    1.3362    0.0000    0.0000   -0.0435
        20  -10.0281    1.3421    0.0000    0.0000   -0.0373
        20  -10.2277    1.3481    0.0000    0.0000   -0.0311
        20  -10.4273    1.3541    0.0000    0.0000   -0.0249
        20  -10.6269    1.3601    0.0000    0.0000   -0.0186
        20  -10.8265    1.3662    0.0000    0.0000   -0.0124
        20  -11.0262    1.3724    0.0000    0.0000   -0.0062
        20  -11.2258    1.3785    0.0000    0.0000    0.0000
%   fiber f1:0021
        21   -6.2469   28.7232   -0.6756    0.1050    0.6744
        21   -6.1987   28.7160    0.6547   -0.1195    0.0000
%   fiber f1:0022
        22   -6.1582   29.0832    1.5086    0.5161    1.6072
        22   -6.3482   29.0259   -1.4604   -0.4009    0.1071
        22   -6.5383   28.9685    0.0000    0.0000    0.1210
        22   -6.7284   28.9113    0.0000    0.0000    0.1349
        22   -6.9185   28.8540    0.0000    0.0000    0.1488
        22   -7.1086   28.7968    0.0000    0.0000    0.1627
        22   -7.2987   28.7397    0.0000    0.0000    0.1765
        22   -7.4889   28.6826    0.0000    0.0000    0.1904
        22   -7.6790   28.6256    0.0000    0.0000    0.2043
        22   -7.8692   28.5688    0.0000    0.0000    0.2182
        22   -8.0595   28.5120    0.0000    0.0000    0.2321
        22   -8.2498   28.4554    0.0000    0.0000    0.2459
        22   -8.4401   28.3988    0.0000    0.0000    0.2598
        22   -8.6304   28.3424    0.0000    0.0000    0.2737
        22   -8.8208   28.2862    0.0000    0.0000    0.2876
        22   -9.0112   28.2300    0.0000    0.0000    0.3014
        22   -9.2017   28.1740    0.0000    0.0000    0.3153
        22   -9.3922   28.1182    0.0000    0.0000    0.3292
        22   -9.5827   28.0624    0.0000    0.0000    0.3431
        22   -9.7733   28.0069   -0.1607    1.3960    0.5935
        22   -9.9640   27.9514    1.3198   -1.6014    1.4286
        22  -10.1547   27.8964   -0.5674   -0.1692    0.8475
        22  -10.3456   27.8417    0.1563   -1.3456    0.6378
        22  -10.5365   27.7872    1.0497    2.4121    2.3188
        22  -10.7273   27.7326    0.0451    0.3379    2.4632
        22  -10.9181   27.6779   -2.2298   -1.1884    0.0000
%   fiber f1:0023
        23   -6.2164   29.0409    1.4365    2.1082    2.5691
        23   -6.2788   28.9487   -1.4332   -2.1541    0.0000
%   fiber f1:0024
        24    3.8232   -3.3278    0.0000    0.0000   -0.0028
        24    3.9031   -3.2294    0.0141   -0.0187    0.0000
%   fiber f1:0025
        25   -3.6308   -5.0780    0.0000    0.0000   -0.0025
        25   -3.4416   -5.0169    0.0000    0.0000   -0.0050
        25   -3.2525   -4.9558    0.0000    0.0000   -0.0075
        25   -3.0633   -4.8947    0.0000    0.0000   -0.0100
        25   -2.8741   -4.8337    0.0000    0.0000   -0.0125
        25   -2.6849   -4.7726    0.0000    0.0000   -0.0150
        25   -2.4957   -4.7116    0.0000    0.0000   -0.0174
        25   -2.3065   -4.6507    0.0000    0.0000   -0.0199
        25   -2.1173   -4.5897    0.0000    0.0000   -0.0224
        25   -1.9281   -4.5289    0.0000    0.0000   -0.0249
        25   -1.7388   -4.4681    0.0000    0.0000   -0.0274
        25   -1.5495   -4.4074    0.0000    0.0000   -0.0299
        25   -1.3602   -4.3467    0.0000    0.0000   -0.0324
        25   -1.1709   -4.2862    0.0000    0.0000   -0.0349
        25   -0.9815   -4.2257    0.0000    0.0000   -0.0374
        25   -0.7921   -4.1653    0.0000    0.0000   -0.0399
        25   -0.6027   -4.1049    0.0000    0.0000   -0.0424
        25   -0.4133   -4.0446    0.0000    0.0000   -0.0449
        25   -0.2239   -3.9844    0.0000    0.0000   -0.0473
        25   -0.0344   -3.9242    0.0000    0.0000   -0.0498
        25    0.1551   -3.8641    0.0000    0.0000   -0.0523
        25    0.3446   -3.8040    0.0000    0.0000   -0.0548
        25    0.5341   -3.7440    0.0000    0.0000   -0.0573
        25    0.7236   -3.6840    0.0000    0.0000   -0.0598
        25    0.9131   -3.6241    0.0000    0.0000   -0.0623
        25    1.1027   -3.5642    0.0000    0.0000   -0.0648
        25    1.2923   -3.5044    0.0000    0.0000   -0.0673
        25    1.4818   -3.4446    0.0000    0.0000   -0.0698
        25    1.6714   -3.3849    0.0000    0.0000   -0.0723
        25    1.8610   -3.3252    0.0000    0.0000   -0.0748
        25    2.0507   -3.2655    0.0000    0.0000   -0.0773
        25    2.2403   -3.2058    0.0000    0.0000   -0.0797
        25    2.4299   -3.1461    0.0000    0.0000   -0.0822
        25    2.6195   -3.0864    0.0000    0.0000   -0.0847
        25    2.8091   -3.0267    0.0000    0.0000   -0.0872
        25    2.9987   -2.9669    0.0000    0.0000   -0.0897
        25    3.1883   -2.9071    0.0000    0.0000   -0.0922
        25    3.3778   -2.8472   -1.1016   -0.7498    1.1815
        25    3.5674   -2.7873    1.0387    0.6255    0.0000
%   fiber f1:0026
        26    3.8781   -2.7913    0.0000    0.0000    0.0447
        26    3.7286   -2.8880   -0.1225    0.0246    0.0000
%   fiber f1:0027
        27   26.1327  -14.1261    0.0417    0.0399    0.0236
        27   25.9528  -14.0393    0.0309    0.0296    0.0419
        27   25.7729  -13.9525    0.0000    0.0000    0.0452
        27   25.5930  -13.8657    0.0000    0.0000    0.0485
        27   25.4131  -13.7788    0.0000    0.0000    0.0518
        27   25.2333  -13.6918    0.0000    0.0000    0.0551
        27   25.0535  -13.6049    0.0000    0.0000    0.0584
        27   24.8737  -13.5178    0.0000    0.0000    0.0618
        27   24.6940  -13.4306    0.0000    0.0000    0.0651
        27   24.5143  -13.3434    0.0000    0.0000    0.0684
        27   24.3346  -13.2560    0.0000    0.0000    0.0717
        27   24.1550  -13.1686    0.0000    0.0000    0.0750
        27   23.9755  -13.0810    0.0000    0.0000    0.0783
        27   23.7961  -12.9932    0.0000    0.0000    0.0817
        27   23.6167  -12.9054    0.0000    0.0000    0.0850
        27   23.4373  -12.8175    0.0000    0.0000    0.0883
        27   23.2580  -12.7294    0.0000    0.0000    0.0916
        27   23.0788  -12.6412    0.0000    0.0000    0.0949
        27   22.8996  -12.5530    0.0000    0.0000    0.0982
        27   22.7204  -12.4647    0.0000    0.0000    0.1016
        27   22.5413  -12.3763    0.0000    0.0000    0.1049
        27   22.3622  -12.2878    0.0000    0.0000    0.1082
        27   22.1831  -12.1992    0.0000    0.0000    0.1115
        27   22.0041  -12.1106    0.0000    0.0000    0.1148
        27   21.8251  -12.0219    0.0000    0.0000    0.1181
        27   21.6462  -11.9332    0.0000    0.0000    0.1215
        27   21.4672  -11.8443    0.0000    0.0000    0.1248
        27   21.2884  -11.7554    0.0000    0.0000    0.1281
        27   21.1096  -11.6664    0.0000    0.0000    0.1314
        27   20.9308  -11.5773    0.0000    0.0000    0.1347
        27   20.7520  -11.4881    0.0000    0.0000    0.1380
        27   20.5733  -11.3988    0.0000    0.0000    0.1413
        27   20.3947  -11.3095    0.0000    0.0000    0.1447
        27   20.2161  -11.2201    0.0000    0.0000    0.1480
        27   20.0375  -11.1306    0.0000    0.0000    0.1513
        27   19.8589  -11.0410    0.0000    0.0000    0.1546
        27   19.6804  -10.9514    0.0000    0.0000    0.1579
        27   19.5019  -10.8618    0.0000    0.0000    0.1612
        27   19.3234  -10.7721    0.0000    0.0000    0.1646
        27   19.1449  -10.6825    0.0000    0.0000    0.1679
        27   18.9664  -10.5928    0.0000    0.0000    0.1712
        27   18.7879  -10.5031    0.0000    0.0000    0.1745
        27   18.6094  -10.4133    0.0000    0.0000    0.1778
        27   18.4310  -10.3236    0.0000    0.0000    0.1811
        27   18.2525  -10.2338    0.0000    0.0000    0.1845
        27   18.0741  -10.1440    0.0000    0.0000    0.1878
        27   17.8957  -10.0542    0.0000    0.0000    0.1911
        27   17.7172   -9.9644    0.0000    0.0000    0.1944
        27   17.5388   -9.8746    0.0000    0.0000    0.1977
        27   17.3604   -9.7848    0.0000    0.0000    0.2010
        27   17.1820   -9.6949    0.0000    0.0000    0.2044
        27   17.0036   -9.6051    0.0000    0.0000    0.2077
        27   16.8252   -9.5152    0.0000    0.0000    0.2110
        27   16.6468   -9.4253    0.0000    0.0000    0.2143
        27   16.4685   -9.3353    0.0000    0.0000    0.2176
        27   16.2901   -9.2454    0.0000    0.0000    0.2209
        27   16.1118   -9.1554    0.0000    0.0000    0.2243
        27   15.9335   -9.0653   -0.0687   -0.6917    0.4781
        27   15.7552   -8.9752    1.8205    0.9962    1.6568
        27   15.5769   -8.8852   -1.3810   -1.0900    0.9178
        27   15.3986   -8.7951   -0.4447    0.7951    0.1636
        27   15.2204   -8.7049    0.0000    0.0000    0.1652
        27   15.0422   -8.6147    0.0000    0.0000    0.1669
        27   14.8640   -8.5244    0.0000    0.0000    0.1685
        27   14.6858   -8.4341    0.0000    0.0000    0.1701
        27   14.5076   -8.3438    0.0000    0.0000    0.1717
        27   14.3295   -8.2534    0.0000    0.0000    0.1733
        27   14.1513   -8.1630    0.0000    0.0000    0.1750
        27   13.9732   -8.0726   -0.3337   -1.2248    0.4335
        27   13.7951   -7.9822    2.9568    1.5624    2.3637
        27   13.6169   -7.8919   -2.6752   -0.8012    0.3382
        27   13.4388   -7.8015   -0.0569    0.4587    0.0778
        27   13.2606   -7.7111    0.0000    0.0000    0.0757
        27   13.0825   -7.6207    0.0000    0.0000    0.0737
        27   12.9044   -7.5303    0.0000    0.0000    0.0716
        27   12.7263   -7.4399    0.0000    0.0000    0.0695
        27   12.5482   -7.3495    0.0000    0.0000    0.0674
        27   12.3701   -7.2590    0.0000    0.0000    0.0654
        27   12.1920   -7.1685    0.0000    0.0000    0.0633
        27   12.0139   -7.0780    0.0000    0.0000    0.0612
        27   11.8359   -6.9875    0.0000    0.0000    0.0591
        27   11.6578   -6.8969    0.0000    0.0000    0.0571
        27   11.4798   -6.8063    0.0000    0.0000    0.0550
        27   11.3018   -6.7156    0.0000    0.0000    0.0529
        27   11.1239   -6.6248    0.0000    0.0000    0.0508
        27   10.9460   -6.5340    0.0000    0.0000    0.0488
        27   10.7681   -6.4431    0.0000    0.0000    0.0467
        27   10.5903   -6.3521    0.0000    0.0000    0.0446
        27   10.4125   -6.2610    0.0000    0.0000    0.0425
        27   10.2347   -6.1699    0.0000    0.0000    0.0405
        27   10.0570   -6.0787    0.0000    0.0000    0.0384
        27    9.8794   -5.9874    0.0000    0.0000    0.0363
        27    9.7017   -5.8960    0.0000    0.0000    0.0342
        27    9.5241   -5.8046    0.0000    0.0000    0.0322
        27    9.3465   -5.7132    0.0000    0.0000    0.0301
        27    9.1689   -5.6217    0.0000    0.0000    0.0280
        27    8.9914   -5.5302    0.0000    0.0000    0.0259
        27    8.8138   -5.4386    0.0000    0.0000    0.0238
        27    8.6363   -5.3470    0.0000    0.0000    0.0218
        27    8.4588   -5.2555    0.0000    0.0000    0.0197
        27    8.2813   -5.1639    0.0000    0.0000    0.0176
        27    8.1037   -5.0723    0.0000    0.0000    0.0155
        27    7.9262   -4.9807    0.0000    0.0000    0.0135
        27    7.7487   -4.8891    0.0000    0.0000    0.0114
        27    7.5712   -4.7976    0.0000    0.0000    0.0093
        27    7.3937   -4.7060    0.0000    0.0000    0.0072
        27    7.2162   -4.6143    0.0000    0.0000    0.0052
        27    7.0387   -4.5227    0.0000    0.0000    0.0031
        27    6.8612   -4.4310    0.0000    0.0000    0.0010
        27    6.6837   -4.3393    0.0000    0.0000   -0.0011
        27    6.5063   -4.2475    0.0000    0.0000   -0.0031
        27    6.3289   -4.1557    0.0000    0.0000   -0.0052
        27    6.1515   -4.0638    0.0000    0.0000   -0.0073
        27    5.9742   -3.9719    0.0000    0.0000   -0.0094
        27    5.7969   -3.8799    0.0000    0.0000   -0.0114
        27    5.6196   -3.7879    0.0000    0.0000   -0.0135
        27    5.4423   -3.6958    0.0000    0.0000   -0.0156
        27    5.2651   -3.6037    0.0000    0.0000   -0.0177
        27    5.0879   -3.5115    0.0000    0.0000   -0.0197
        27    4.9107   -3.4193    0.0000    0.0000   -0.0218
        27    4.7335   -3.3270    0.0000    0.0000   -0.0239
        27    4.5563   -3.2348    0.0000    0.0000   -0.0260
        27    4.3792   -3.1425    0.0000    0.0000   -0.0280
        27    4.2020   -3.0502    0.0362    0.0043    0.0000
%   fiber f1:0028
        28   24.7927   -8.9694    0.0000    0.0000    0.0000
        28   24.7608   -8.9672    0.0000    0.0000    0.0000
%   fiber f1:0029
        29   26.0211  -14.3338    0.0645   -0.2033    0.2147
        29   26.0100  -14.2958   -0.0507    0.2105    0.0000
%   fiber f1:0030
        30    0.9883   -0.6054    0.0489   -0.1288    0.0706
        30    0.7910   -0.5652    0.0263    0.0897    0.0755
        30    0.5937   -0.5252    0.0000    0.0000    0.0725
        30    0.3964   -0.4851    0.0000    0.0000    0.0695
        30    0.1991   -0.4451    0.0000    0.0000    0.0665
        30    0.0018   -0.4050    0.0000    0.0000    0.0634
        30   -0.1955   -0.3651    0.0000    0.0000    0.0604
        30   -0.3929   -0.3251    0.0000    0.0000    0.0574
        30   -0.5902   -0.2852    0.0000    0.0000    0.0544
        30   -0.7875   -0.2453    0.0000    0.0000    0.0514
        30   -0.9849   -0.2054    0.0000    0.0000    0.0483
        30   -1.1822   -0.1656    0.0000    0.0000    0.0453
        30   -1.3796   -0.1258    0.0000    0.0000    0.0423
        30   -1.5770   -0.0861    0.0000    0.0000    0.0393
        30   -1.7744   -0.0464    0.0000    0.0000    0.0363
        30   -1.9718   -0.0067    0.0000    0.0000    0.0332
        30   -2.1692    0.0328    0.0000    0.0000    0.0302
        30   -2.3666    0.0724    0.0000    0.0000    0.0272
        30   -2.5640    0.1119    0.0000    0.0000    0.0242
        30   -2.7614    0.1513    0.0000    0.0000    0.0211
        30   -2.9589    0.1907    0.0000    0.0000    0.0181
        30   -3.1563    0.2301    0.0000    0.0000    0.0151
        30   -3.3538    0.2694    0.0000    0.0000    0.0121
        30   -3.5512    0.3087    0.0000    0.0000    0.0091
        30   -3.7487    0.3481    0.0000    0.0000    0.0060
        30   -3.9461    0.3874    0.0000    0.0000    0.0030
        30   -4.1436    0.4267    0.0000    0.0000    0.0000
%   fiber f1:0031
        31    1.4831   -0.6677    0.1845    0.3364    0.1048
        31    1.2560   -0.6149   -0.0193   -0.7648    0.2601
        31    1.0290   -0.5621   -0.1654    0.4399    0.0000
%   fiber f1:0032
        32    3.5698   -2.6249    0.0085    0.0073    0.0069
        32    3.5838   -2.5702    0.0212    0.0184    0.0000
%   fiber f1:0033
        33    3.9842   -3.2360    0.0000    0.0000   18.2355
        33    3.9754   -3.2066  -10.4995   34.9270    0.0000
%   fiber f1:0034
        34    3.7561   -3.3859    0.0000    0.0000   -0.0094
        34    3.8118   -3.4128    0.0123    0.0686    0.0000
% end
